#solver it r/r0
           1         6.6305772935E-03    3.2177801572E-03
           2         4.9724286241E-07    2.4130903610E-07
           3         3.7289432457E-11    1.8096342223E-11
           4         9.9220345754E-15    4.8151050145E-15
           1         3.2585572299E-03    1.5813586557E-03
           2         2.4436700647E-07    1.1858987079E-07
           3         1.8325666740E-11    8.8933382711E-12
           4         4.8761240709E-15    2.3663543285E-15
           1         1.6854573777E-03    8.1794255096E-04
           2         1.2639648313E-07    6.1339469753E-08
           3         9.4787748167E-12    4.5999936611E-12
           4         2.5221297260E-15    1.2239747200E-15
           1         9.3021497286E-04    4.5142785447E-04
           2         6.9759047409E-08    3.3853655360E-08
           3         5.2313979429E-12    2.5387666488E-12
           4         2.6219946521E-15    1.2724385811E-15
           1         5.5174364990E-04    2.6775794486E-04
           2         4.1376576439E-08    2.0079809184E-08
           3         3.1029285117E-12    1.5058329544E-12
           4         1.5552078368E-15    7.5473321478E-16
           1         3.4719117677E-04    1.6848872216E-04
           2         2.6036491799E-08    1.2635362690E-08
           3         1.9525397826E-12    9.4755609247E-13
           4         1.8434144956E-15    8.9459820710E-16
           1         2.2785519129E-04    1.1057634572E-04
           2         1.7087589070E-08    8.2924835968E-09
           3         1.2814345793E-12    6.2187319437E-13
           4         1.2098148042E-15    5.8711598209E-16
           1         1.5455116224E-04    7.4870668928E-05
           2         1.1556751378E-08    5.6082004460E-09
           3         8.6663346509E-13    4.2057229953E-13
           4         1.5412664841E-15    7.4796703300E-16
           1         1.0698754859E-04    5.2069675125E-05
           2         8.0226604413E-09    3.8886093261E-09
           3         6.0082110942E-13    2.9160232323E-13
           4         2.0130109724E-15    9.7691154239E-16
           1         7.6110931994E-05    3.7083226381E-05
           2         5.6532287236E-09    2.7511238352E-09
           3         4.2484203481E-13    2.0623563212E-13
           4         1.4233967373E-15    6.9077401076E-16
           1         5.6559918469E-05    2.7295971822E-05
           2         4.1420674932E-09    2.0016278899E-09
           3         3.0904945304E-13    1.4982537378E-13
           4         1.0347746016E-15    5.0214829169E-16
           1         4.3202562288E-05    2.0709049258E-05
           2         3.1399029247E-09    1.5175650936E-09
           3         2.3425341646E-13    1.1360932495E-13
           4         1.4777581350E-15    7.1715285227E-16
           1         3.3423294583E-05    1.5993443061E-05
           2         2.4158495241E-09    1.1724971178E-09
           3         1.8101226770E-13    8.7849236116E-14
           4         1.1441150785E-15    5.5523320882E-16
           1         2.6062568483E-05    1.2472089666E-05
           2         1.8845818466E-09    9.1545880979E-10
           3         1.4138174092E-13    6.8619901183E-14
           4         1.6825948311E-15    8.1655465787E-16
           1         2.0448480031E-05    9.7860621863E-06
           2         1.4811683743E-09    7.1931387958E-10
           3         1.1111758999E-13    5.3925709564E-14
           4         1.3257225254E-15    6.4337056779E-16
           1         1.6124590404E-05    7.7135466100E-06
           2         1.1681010908E-09    5.6715906243E-10
           3         8.7618898955E-14    4.2520686659E-14
           4         1.0473463398E-15    5.0829220657E-16
           1         1.2768130640E-05    6.1029006782E-06
           2         9.2307980910E-10    4.4815883588E-10
           3         6.9233374167E-14    3.3598474721E-14
           4         1.5589631484E-15    7.5648299814E-16
           1         1.0146108131E-05    4.8449740290E-06
           2         7.3074736134E-10    3.5475552830E-10
           3         5.4800056558E-14    2.6593669685E-14
           4         1.2425287513E-15    6.0303180048E-16
           1         8.0871635481E-06    3.8588750508E-06
           2         5.7960920883E-10    2.8132967398E-10
           3         4.3451421821E-14    2.1084790501E-14
           4         9.8857095233E-16    4.7970187784E-16
           1         6.4634294862E-06    3.0835603851E-06
           2         4.6080267234E-10    2.2357442681E-10
           3         3.4521576778E-14    1.6748627062E-14
           4         1.5103814753E-15    7.3291768259E-16
           1         5.1785199624E-06    2.4724338823E-06
           2         3.6739428126E-10    1.7813875548E-10
           3         2.7492616177E-14    1.3334353586E-14
           4         1.2041450157E-15    5.8486901931E-16
           1         4.1591877135E-06    1.9896540459E-06
           2         2.9390258906E-10    1.4238492735E-10
           3         2.1955135799E-14    1.0644584936E-14
           4         9.7508418168E-16    4.7476003162E-16
           1         3.3492949958E-06    1.6074888327E-06
           2         2.3598345590E-10    1.1422067638E-10
           3         1.7586046296E-14    8.5239435286E-15
           4         8.2324001194E-16    3.9734693288E-16
           1         2.7053858535E-06    1.3043671406E-06
           2         1.9021576679E-10    9.1986530437E-11
           3         1.4128529572E-14    6.8481951406E-15
           4         1.3020823226E-15    6.3174445207E-16
           1         2.1934481278E-06    1.0634266438E-06
           2         1.5392814028E-10    7.4375443815E-11
           3         1.1381221367E-14    5.5186004464E-15
           4         1.1024964859E-15    5.2850313182E-16
           1         1.7865745726E-06    8.7142843047E-07
           2         1.2504450840E-10    6.0367234607E-11
           3         9.1907971327E-15    4.4590886800E-15
           4         8.6373311067E-16    4.0634006144E-16
           1         1.4632870525E-06    7.1794445399E-07
           2         1.0195372955E-10    4.9171574832E-11
           3         7.4348267904E-15    3.6089686217E-15
           4         1.5338286254E-15    7.0195127847E-16
           1         1.2063307643E-06    5.9474611894E-07
           2         8.3407514641E-11    4.0179391321E-11
           3         6.0200124161E-15    2.9226774807E-15
           4         9.8810397725E-16    4.8352780577E-16
           1         1.0017910861E-06    4.9533971880E-07
           2         6.8441159279E-11    3.2922658468E-11
           3         4.8721809229E-15    2.3646691870E-15
           4         1.1222563313E-15    5.2671427753E-16
           1         8.3843042685E-07    4.1460891258E-07
           2         5.6309811938E-11    2.7041623038E-11
           3         3.9354744446E-15    1.9085754451E-15
           4         1.0175680814E-15    4.8426017877E-16
           1         7.0717974430E-07    3.4853596870E-07
           2         4.6437786650E-11    2.2258730600E-11
           3         3.1685754039E-15    1.5349779383E-15
           4         7.6840809604E-16    3.6480253967E-16
           1         6.0074574849E-07    2.9398204395E-07
           2         3.8379883878E-11    1.8358751167E-11
           3         2.5410173837E-15    1.2294857713E-15
           4         8.0688106228E-16    3.7410926856E-16
           1         5.1331001771E-07    2.4851264643E-07
           2         3.1787642154E-11    1.5173119066E-11
           3         2.0309234911E-15    9.8166736303E-16
           4         1.3373604272E-15    6.5667986586E-16
           1         4.4030171548E-07    2.1025821430E-07
           2         2.6372540153E-11    1.2564922004E-11
           3         1.6205563969E-15    7.8289565263E-16
           4         1.4187638615E-15    6.3350132186E-16
           1         3.7822562246E-07    1.7780321956E-07
           2         2.1877033377E-11    1.0415129439E-11
           3         1.2949317393E-15    6.2575537161E-16
           1         3.2453839838E-07    1.5010619186E-07
           2         1.8079636106E-11    8.6188572081E-12
           3         1.0393614980E-15    5.0288229814E-16
           1         2.7762775868E-07    1.2647018489E-07
           2         1.4831374049E-11    7.0971206257E-12
           3         8.3918764171E-16    4.0687567638E-16
           1         2.3677124427E-07    1.0645194033E-07
           2         1.2074790356E-11    5.8076126216E-12
           3         1.2859561719E-15    6.2413615676E-16
           1         2.0126542638E-07    8.9500585334E-08
           2         9.7792944249E-12    4.7219298744E-12
           3         1.0405052696E-15    5.0586097594E-16
           1         1.7086902145E-07    7.5337236340E-08
           2         7.9014012865E-12    3.8212716781E-12
           3         8.4296660374E-16    4.0963498404E-16
           1         1.4557302963E-07    6.3708344196E-08
           2         6.3876855295E-12    3.0882925709E-12
           3         1.2871530450E-15    6.2310925842E-16
           1         1.2431184709E-07    5.4045195950E-08
           2         5.1591531620E-12    2.4897925308E-12
           3         1.0337560976E-15    4.9947003913E-16
           1         1.0699270924E-07    4.6167593057E-08
           2         4.1710507375E-12    2.0069931418E-12
           3         8.2640636352E-16    3.9768161998E-16
           1         9.2519792966E-08    3.9592258545E-08
           2         3.3716006703E-12    1.6142415122E-12
           3         1.2203771931E-15    5.9269974464E-16
           1         8.0684585384E-08    3.4187823205E-08
           2         2.7241256992E-12    1.2942816821E-12
           3         9.6812022523E-16    4.6864757168E-16
           1         7.0846947163E-08    2.9645728459E-08
           2         2.1898958126E-12    1.0367052008E-12
           3         7.8055898492E-16    3.7566197885E-16
           1         6.2594808974E-08    2.5843426848E-08
           2         1.7583594718E-12    8.3289298144E-13
           3         1.2138717281E-15    5.8963811091E-16
           1         5.5824166698E-08    2.2662518417E-08
           2         1.4227209579E-12    6.7643569841E-13
           3         1.0414430711E-15    5.0424314229E-16
           1         4.9719070889E-08    1.9926162969E-08
           2         1.1653429116E-12    5.5947141643E-13
           3         9.0737613194E-16    4.3681761947E-16
           1         4.4700570321E-08    1.7665478877E-08
           2         9.8116642783E-13    4.7813327695E-13
           3         8.0228449295E-16    3.8426577971E-16
           1         4.0490066669E-08    1.5663894053E-08
           2         8.4543146977E-13    4.1711208664E-13
           3         7.0440327740E-16    3.3542097896E-16
           1         3.7094423094E-08    1.3940936283E-08
           2         7.4086889498E-13    3.6776983329E-13
           3         1.1398798085E-15    5.5207565586E-16
           1         3.5316415441E-08    1.2498206004E-08
           2         6.5544705112E-13    3.2425648286E-13
           3         9.8984884534E-16    4.7547745388E-16
           1         3.4591418017E-08    1.1218012101E-08
           2         5.7784094432E-13    2.8189282924E-13
           3         8.4373192752E-16    4.0376518064E-16
           1         3.3920423807E-08    1.0205320181E-08
           2         5.1582254649E-13    2.4351169343E-13
           3         7.1816833024E-16    3.4504985190E-16
           1         3.3592702741E-08    9.5247957618E-09
           2         4.5582211226E-13    2.0475405180E-13
           3         1.1333005716E-15    5.4673468733E-16
           1         3.4530698464E-08    9.0935818128E-09
           2         3.6820320425E-13    1.6213233841E-13
           3         8.9758452963E-16    4.3189014248E-16
           1         3.7194136455E-08    8.8722596845E-09
           2         2.7483162220E-13    1.2583004805E-13
           3         7.0607701751E-16    3.4226365331E-16
           1         4.1404897547E-08    8.8936395064E-09
           2         2.0656872690E-13    1.0027652716E-13
           3         1.0984749207E-15    5.2701504286E-16
           1         4.6411203749E-08    9.1915701253E-09
           2         1.5763246990E-13    7.8904782040E-14
           3         8.4073890652E-16    4.0772849431E-16
           1         5.0769838423E-08    9.7434928003E-09
           2         1.1639267622E-13    5.8632519297E-14
           3         6.1063375151E-16    2.9788683049E-16
           1         5.2449023615E-08    1.0429684777E-08
           2         1.1271083401E-13    5.5375475274E-14
           3         1.0829740801E-15    5.1133062913E-16
           1         4.9882442420E-08    1.1011471143E-08
           2         1.3901900451E-13    6.0634741934E-14
           3         1.2180026958E-15    5.5810929452E-16
           1         4.3508459129E-08    1.1183739759E-08
           2         1.2876197980E-13    5.3022759188E-14
           3         1.0960092808E-15    5.0847048403E-16
           1         3.5751450262E-08    1.0753269724E-08
           2         8.8131884357E-14    4.1625279431E-14
           3         8.8612115376E-16    4.2120519138E-16
           1         2.9158950410E-08    9.7973593779E-09
           2         1.0917920452E-13    4.4053377652E-14
           3         9.4600487692E-16    4.3085417570E-16
           1         2.4925933044E-08    8.5850248915E-09
           2         1.0119461922E-13    3.4220651391E-14
           3         6.1044047205E-16    2.8179223139E-16
           1         2.2971344162E-08    7.3785461782E-09
           2         6.3600665851E-14    2.4898359691E-14
           3         9.5124125994E-16    4.3548780775E-16
           1         2.2678422364E-08    6.3420879509E-09
           2         4.4191097974E-14    1.9679422553E-14
           3         7.6133146754E-16    3.4559723055E-16
           1         2.3393671253E-08    5.5544345689E-09
           2         3.2921764646E-14    1.5992078084E-14
           3         6.2838700550E-16    2.8633447159E-16
           1         2.4588822710E-08    5.0378311823E-09
           2         2.5215478740E-14    1.2973847511E-14
           3         9.1504575140E-16    4.2995811761E-16
           1         2.5869704954E-08    4.7706665923E-09
           2         1.9283427555E-14    1.0288197176E-14
           3         7.4360628474E-16    3.5592578999E-16
           1         2.6952829427E-08    4.6960333809E-09
           2         1.4354830531E-14    7.8051497165E-15
           3         6.1801927133E-16    2.9960334065E-16
           1         2.7649994293E-08    4.7396365183E-09
           2         1.0225432723E-14    5.5895797128E-15
           3         7.8820841543E-16    3.8920310682E-16
           1         2.7863754159E-08    4.8307446241E-09
           2         7.8914886148E-15    4.3909062583E-15
           3         5.9713033682E-16    3.0227979778E-16
           1         2.7584134658E-08    4.9147993998E-09
           2         9.0935834665E-15    4.8893080464E-15
           3         6.9050875114E-16    3.3625727437E-16
           1         2.6876610220E-08    4.9566545325E-09
           2         1.3082165662E-14    5.4562009087E-15
           3         6.3432632856E-16    3.1493724172E-16
           1         2.5857979204E-08    4.9389392377E-09
           2         1.9139234511E-14    5.3888496808E-15
           3         5.8284750909E-16    2.7459075017E-16
           1         2.4665083816E-08    4.8586371757E-09
           2         2.5524014089E-14    4.6146583808E-15
           3         5.9736332851E-16    2.7725663925E-16
           1         2.3425760427E-08    4.7229996615E-09
           2         3.0588345474E-14    3.5501542039E-15
           3         5.5385863695E-16    2.6863812496E-16
           1         2.2239653698E-08    4.5452993314E-09
           2         3.4034376189E-14    2.6069310031E-15
           3         9.5703679244E-16    4.2904825938E-16
           1         2.1171145244E-08    4.3410032244E-09
           2         3.6216082843E-14    1.9346956302E-15
           3         9.0248683247E-16    4.3782333744E-16
           1         2.0251814299E-08    4.1248647902E-09
           2         3.7475264243E-14    1.5174739375E-15
           3         7.3970116307E-16    3.1498993979E-16
           1         1.9487896881E-08    3.9091444761E-09
           2         3.8015458440E-14    1.2832480550E-15
           3         8.4747307774E-16    3.9236350266E-16
           1         1.8868729198E-08    3.7028615544E-09
           2         3.7940393413E-14    1.1572443460E-15
           3         8.3322025258E-16    3.7948752484E-16
           1         1.8373803186E-08    3.5117880641E-09
           2         3.7297355708E-14    1.0760348786E-15
           3         6.3923698621E-16    3.1830121206E-16
           1         1.7977544186E-08    3.3388675736E-09
           2         3.6100024692E-14    1.0021967161E-15
           3         7.0055172206E-16    2.8302834356E-16
           1         1.7651809331E-08    3.1848089484E-09
           2         3.4343216814E-14    9.1779175818E-16
           3         5.6296818168E-16    2.8216103217E-16
           1         1.7366527625E-08    3.0486824260E-09
           2         3.2013056055E-14    8.1787647940E-16
           3         6.6091275491E-16    3.0791946881E-16
           1         1.7088958702E-08    2.9284226985E-09
           2         2.9096578620E-14    7.0115152536E-16
           3         5.9259853187E-16    2.4787700318E-16
           1         1.6782143931E-08    2.8211991255E-09
           2         2.5609580359E-14    5.6568723911E-16
           3         5.7957610961E-16    2.3558210947E-16
           1         1.6403324261E-08    2.7236327297E-09
           2         2.1709703886E-14    4.0756025854E-16
           1         1.5903640210E-08    2.6318851451E-09
           2         1.8087589258E-14    2.2851495085E-16
           1         1.5231157639E-08    2.5416428049E-09
           2         1.6346111608E-14    9.8698240785E-17
           1         1.4339564171E-08    2.4480776838E-09
           2         1.7042149124E-14    1.3535493519E-16
           1         1.3203247109E-08    2.3458952210E-09
           2         1.8632194543E-14    1.9085637660E-16
           1         1.1834715577E-08    2.2296576297E-09
           2         2.0085074439E-14    2.5125092690E-16
           1         1.0294596479E-08    2.0945776957E-09
           2         2.1010027211E-14    3.1210785854E-16
           1         8.6843909825E-09    1.9378452865E-09
           2         2.1167360256E-14    3.2154674352E-16
           1         7.1217122058E-09    1.7601463891E-09
           2         2.0478556891E-14    1.3568868119E-16
