#solver it r/r0
step        1 0.100000E+04
nlit      1
           1         7.6783439445E-01    1.7276273875E+00
           2         5.1135706055E-01    1.1505533862E+00
           3         4.4205769126E-01    9.9462980533E-01
           4         1.3384379543E+01    3.0114853971E+01
           5         3.0304789790E-01    6.8185777027E-01
           6         3.5159367836E-01    7.9108577631E-01
           7         1.8816864761E+00    4.2337945713E+00
           8         3.0746823657E-01    6.9180353228E-01
           9         5.3810969731E-01    1.2107468189E+00
          10         9.8295011153E-01    2.2116377509E+00
          11         1.3840941599E-03    3.1142118599E-03
          12         2.6288619354E-12    5.9149393546E-12
          13         1.0520217174E-12    2.3670488642E-12
          14         1.9149840583E-12    4.3087141311E-12
          15         1.1311950137E-12    2.5451887808E-12
          16         5.8114557330E-13    1.3075775399E-12
          17         4.8338620843E-13    1.0876189690E-12
          18         4.0198542690E-13    9.0446721053E-13
          19         4.0375378715E-13    9.0844602109E-13
          20         4.2857175939E-13    9.6428645863E-13
          21         1.3681518322E-13    3.0783416224E-13
          22         7.3879243120E-15    1.6622829702E-14
          23         1.0266410030E-17    2.3099422567E-17
step        2 0.200000E+04
nlit      1
           1         1.3064668469E+04    1.0463367155E+00
           2         8.1834516018E+03    6.5540475760E-01
           3         1.2261673146E+04    9.8202559352E-01
           4         4.7403994771E+03    3.7965402882E-01
           5         4.2054521324E+03    3.3681061117E-01
           6         6.6721196097E+03    5.3436363387E-01
           7         5.2663378264E+03    4.2177592470E-01
           8         6.9115180561E+03    5.5353682489E-01
           9         9.4406602454E+03    7.5609338710E-01
          10         4.9293894318E+03    3.9479005228E-01
          11         3.0981461144E+00    2.4812753859E-04
          12         3.7513897869E-10    3.0044519520E-14
          13         3.6887806308E-10    2.9543088819E-14
          14         5.6739785721E-10    4.5442347943E-14
          15         5.1083086367E-10    4.0911951909E-14
          16         1.3111422253E-09    1.0500811811E-13
          17         1.5418019708E-10    1.2348143499E-14
          18         4.8982421617E-10    3.9229549741E-14
          19         4.3039196076E-10    3.4469677642E-14
          20         3.0529572683E-10    2.4450840743E-14
          21         2.9811172561E-11    2.3875481004E-15
          22         1.9751646925E-13    1.5818903801E-17
          23         8.0543609988E-19    6.4506601554E-23
step        3 0.300000E+04
nlit      1
           1         4.4835335123E+04    7.3064605788E-01
           2         3.2366391874E+04    5.2744953429E-01
           3         2.9627200420E+04    4.8281109383E-01
           4         3.2723692507E+04    5.3327218060E-01
           5         2.4459867834E+04    3.9860315441E-01
           6         2.9157611461E+04    4.7515857331E-01
           7         3.4653689897E+04    5.6472382430E-01
           8         5.4408981618E+03    8.8666021617E-02
           9         2.7894864422E+03    4.5458058179E-02
          10         1.0998791866E+03    1.7923862722E-02
          11         3.7891645883E+00    6.1749023654E-05
          12         6.3094027686E-10    1.0281935549E-14
          13         3.1129726378E-09    5.0729657307E-14
          14         4.0519905264E-09    6.6032090461E-14
          15         6.8364728063E-09    1.1140859976E-13
          16         4.8038409373E-08    7.8284403001E-13
          17         3.7822953699E-09    6.1637081426E-14
          18         2.1782704243E-09    3.5497553305E-14
          19         3.7985100198E-10    6.1901318774E-15
          20         8.2851371188E-13    1.3501633830E-17
          21         1.9861224911E-13    3.2366270145E-18
          22         9.7410433302E-16    1.5874209235E-20
step        4 0.400000E+04
nlit      1
           1         8.9069197622E+04    7.2491984024E-01
           2         6.4534041072E+04    5.2523215649E-01
           3         6.2522525499E+04    5.0886075553E-01
           4         6.9186298171E+04    5.6309612702E-01
           5         8.2783189867E+04    6.7375903652E-01
           6         1.2063674073E+05    9.8184298450E-01
           7         4.7856289659E+04    3.8949462643E-01
           8         2.3249560403E+03    1.8922442396E-02
           9         1.0802686293E+02    8.7921322196E-04
          10         1.6082174996E+02    1.3089022962E-03
          11         1.7275483006E-01    1.4060237114E-06
          12         8.5203490356E-07    6.9345747201E-12
          13         9.8305629264E-07    8.0009366834E-12
          14         1.2183713456E-06    9.9161279631E-12
          15         1.5052204199E-06    1.2250746335E-11
          16         1.3828582896E-06    1.1254860683E-11
          17         1.5283973069E-06    1.2439379282E-11
          18         3.4119145824E-07    2.7769022738E-12
          19         3.7230586336E-09    3.0301374010E-14
          20         3.0956883322E-12    2.5195308267E-17
          21         7.1863275147E-13    5.8488361106E-18
          22         1.6208213774E-14    1.3191603892E-19
step        5 0.500000E+04
nlit      1
           1         1.4994979091E+05    8.2248645490E-01
           2         1.4185270374E+05    7.7807329183E-01
           3         2.8465616444E+06    1.5613615607E+01
           4         7.4156908517E+05    4.0675650445E+00
           5         6.2070448438E+05    3.4046131563E+00
           6         1.5427381678E+06    8.4620407861E+00
           7         3.3706566878E+04    1.8488318344E-01
           8         9.6481401926E+02    5.2920811529E-03
           9         2.5776513569E+00    1.4138621426E-05
          10         3.7671355227E+00    2.0663036090E-05
          11         4.1552677582E-03    2.2791972079E-08
          12         1.6195221204E-08    8.8832068348E-14
          13         2.8995851817E-08    1.5904453900E-13
          14         1.9621958755E-08    1.0762799466E-13
          15         1.4518631709E-08    7.9635842455E-14
          16         1.3992593763E-08    7.6750482741E-14
          17         2.0747823767E-08    1.1380345323E-13
          18         3.6441530471E-07    1.9988467491E-12
          19         5.0577938078E-09    2.7742398795E-14
          20         3.2051254791E-14    1.7580366581E-19
step        6 0.600000E+04
nlit      1
           1         1.9853574944E+05    8.5962072368E-01
           2         2.1114668117E+05    9.1422357625E-01
           3         1.4960170241E+05    6.4774593016E-01
           4         1.0376511734E+05    4.4928253731E-01
           5         4.0504577519E+05    1.7537684944E+00
           6         4.6347438978E+04    2.0067528970E-01
           7         1.4745739933E+04    6.3846151982E-02
           8         3.4337954734E+02    1.4867658636E-03
           9         5.3013597458E-02    2.2953844403E-07
          10         7.7477221388E-02    3.3546112126E-07
          11         8.5463151838E-05    3.7003862849E-10
          12         1.4307838607E-10    6.1950125418E-16
          13         9.1655729888E-11    3.9685127276E-16
          14         1.2436339837E-10    5.3846904050E-16
          15         2.6267658545E-09    1.1373379208E-14
          16         1.3955976333E-10    6.0426631017E-16
          17         6.3084263306E-11    2.7314244527E-16
          18         4.5830994675E-11    1.9843918750E-16
          19         3.6850603885E-10    1.5955586270E-15
          20         4.2597951352E-16    1.8444074617E-21
step        7 0.700000E+04
nlit      1
           1         2.3214866725E+05    8.3149326632E-01
           2         2.3198347476E+05    8.3090159184E-01
           3         7.0910729851E+04    2.5398291138E-01
           4         4.4195496020E+04    1.5829622362E-01
           5         8.6355449680E+05    3.0930168918E+00
           6         7.9754015280E+03    2.8565715003E-02
           7         5.2907855797E+03    1.8950152225E-02
           8         1.1637067650E+02    4.1680805258E-04
           9         1.0406617625E-03    3.7273668565E-09
          10         1.5208994457E-03    5.4474473745E-09
          11         1.6776778171E-06    6.0089847792E-12
          12         8.4818276612E-10    3.0379595412E-15
          13         4.8720681350E-10    1.7450420437E-15
          14         3.4444169372E-10    1.2336962877E-15
          15         1.2906731812E-09    4.6228396308E-15
          16         4.4808139520E-10    1.6049054569E-15
          17         2.4927186289E-10    8.9282388712E-16
          18         2.1407068486E-10    7.6674285962E-16
          19         5.1763361714E-10    1.8540225631E-15
          20         2.2460436384E-17    8.0447162734E-23
step        8 0.800000E+04
nlit      1
           1         2.5751383719E+05    7.7966414326E-01
           2         2.5068538195E+05    7.5898990781E-01
           3         3.7805900976E+04    1.1446338464E-01
           4         2.3079381665E+04    6.9876502676E-02
           5         1.7948717359E+05    5.4342599586E-01
           6         1.7228340725E+03    5.2161544628E-03
           7         1.8195974488E+03    5.5091209912E-03
           8         3.8681695924E+01    1.1711499328E-04
           9         1.9989940155E-05    6.0522726604E-11
          10         2.9218063180E-05    8.8462338357E-11
          11         3.2219667784E-08    9.7550174210E-14
          12         3.5458973127E-11    1.0735768690E-16
          13         1.0214078214E-08    3.0924748072E-14
          14         3.3356794569E-10    1.0099300660E-15
          15         3.4573594963E-11    1.0467706354E-16
          16         1.5563186939E-08    4.7120026418E-14
          17         3.3568073748E-11    1.0163268796E-16
          18         9.6129619087E-12    2.9104772748E-17
          19         1.5711382074E-12    4.7568710785E-18
          20         1.5585864747E-17    4.7188687092E-23
step        9 0.900000E+04
nlit      1
           1         2.8114200511E+05    7.2432513747E-01
           2         2.7177990058E+05    7.0020491522E-01
           3         2.0659977455E+04    5.3227695394E-02
           4         1.2523335368E+04    3.2264714798E-02
           5         8.2371184532E+04    2.1221844647E-01
           6         3.8891010220E+02    1.0019753652E-03
           7         6.0164358976E+02    1.5500550183E-03
           8         1.2752078327E+01    3.2854040732E-05
           9         3.8191197401E-07    9.8394561487E-13
          10         5.5696947621E-07    1.4349580820E-12
          11         6.1965717468E-10    1.5964646338E-15
          12         5.0666870506E-11    1.3053648078E-16
          13         5.3044486104E-11    1.3666209244E-16
          14         4.7184624790E-11    1.2156493593E-16
          15         9.5476005213E-12    2.4598128115E-17
          16         8.7725652188E-12    2.2601352315E-17
          17         3.8231987125E-12    9.8499650808E-18
          18         3.2597688812E-12    8.3983627495E-18
          19         6.8223760651E-11    1.7576948274E-16
          20         1.6514210146E-17    4.2546675051E-23
step       10 0.100000E+05
nlit      1
           1         3.0506279190E+05    6.7106838679E-01
           2         2.9447480092E+05    6.4777722768E-01
           3         1.1303198817E+04    2.4864452818E-02
           4         6.8466773508E+03    1.5061124616E-02
           5         4.2886187141E+04    9.4339805392E-02
           6         1.1381814225E+02    2.5037388739E-04
           7         1.9932468367E+02    4.3846872666E-04
           8         4.1941069676E+00    9.2260763080E-06
           9         6.5865578222E-09    1.4488921132E-14
          10         3.8503192169E-08    8.4698218667E-14
          11         5.7320977192E-11    1.2609304286E-16
          12         1.8990653026E-09    4.1775094272E-15
          13         1.0309216224E-09    2.2677918397E-15
          14         1.5469020482E-10    3.4028307928E-16
          15         1.0484316697E-11    2.3063099398E-17
          16         1.0845916861E-12    2.3858537077E-18
          17         2.3227062951E-12    5.1094227412E-18
          18         1.3259051438E-12    2.9166881360E-18
          19         7.0043780681E-13    1.5408030135E-18
          20         2.1163425468E-18    4.6554696819E-24
step       11 0.110000E+05
nlit      1
           1         3.3030101268E+05    6.2121450028E-01
           2         3.1877106213E+05    5.9952951540E-01
           3         6.1891433140E+03    1.1640247603E-02
           4         3.7459042720E+03    7.0451193338E-03
           5         2.3086888732E+04    4.3420726841E-02
           6         3.2661658361E+01    6.1428500059E-05
           7         6.5348579415E+01    1.2290451300E-04
           8         1.3766758415E+00    2.5891867179E-06
           9         2.1563317736E-09    4.0555266673E-15
          10         4.9637166694E-10    9.3355232105E-16
          11         4.3383824260E-11    8.1594241837E-17
          12         2.8669828436E-11    5.3920855405E-17
          13         2.9984607852E-11    5.6393630258E-17
          14         2.1900272745E-11    4.1188995696E-17
          15         1.5538208446E-11    2.9223526494E-17
          16         4.7279378026E-11    8.8920814852E-17
          17         5.8443566874E-12    1.0991789246E-17
          18         1.3087831628E-13    2.4614973834E-19
          19         1.5628822609E-14    2.9393949319E-20
step       12 0.120000E+05
nlit      1
           1         3.5727636418E+05    5.7490259955E-01
           2         3.4481844948E+05    5.5485624815E-01
           3         3.3851798334E+03    5.4471800580E-03
           4         2.0491624464E+03    3.2973600703E-03
           5         1.2559228537E+04    2.0209378113E-02
           6         1.0750017469E+01    1.7298129986E-05
           7         2.1484262999E+01    3.4570880937E-05
           8         4.5174322911E-01    7.2691166499E-07
           9         5.6863675796E-09    9.1500805295E-15
          10         1.7276029953E-09    2.7799304756E-15
          11         3.9593942247E-11    6.3711632245E-17
          12         1.3115803311E-10    2.1104976915E-16
          13         1.1543448221E-10    1.8574859844E-16
          14         9.5494585357E-11    1.5366279684E-16
          15         1.0796878913E-12    1.7373535942E-18
          16         1.3507741534E-13    2.1735654805E-19
          17         2.5431901463E-13    4.0923127664E-19
          18         1.1119903627E-13    1.7893323329E-19
          19         2.3826405477E-14    3.8339682722E-20
step       13 0.130000E+05
nlit      1
           1         3.8628923682E+05    5.3198792891E-01
           2         3.7284005464E+05    5.1346604972E-01
           3         1.8514649158E+03    2.5497914311E-03
           4         1.1205489514E+03    1.5431921448E-03
           5         6.8536798796E+03    9.4387174608E-03
           6         3.4034601813E+00    4.6871607085E-06
           7         7.0408127048E+00    9.6964321332E-06
           8         1.4815167668E-01    2.0403080420E-07
           9         4.1569311055E-09    5.7248221245E-15
          10         1.2957519917E-09    1.7844774141E-15
          11         6.5037034220E-11    8.9567385883E-17
          12         1.1838970538E-09    1.6304335759E-15
          13         5.4955008711E-10    7.5682671119E-16
          14         9.0609230883E-11    1.2478477908E-16
          15         3.8849808471E-13    5.3502989927E-19
          16         1.2991286605E-12    1.7891276785E-18
          17         5.9308307377E-13    8.1677925764E-19
          18         4.5229175127E-14    6.2288495014E-20
step       14 0.140000E+05
nlit      1
           1         4.1757007828E+05    4.9225515597E-01
           2         4.0304680927E+05    4.7513430745E-01
           3         1.0122067003E+03    1.1932463388E-03
           4         6.1266127605E+02    7.2223966152E-04
           5         3.7444505365E+03    4.4141694502E-03
           6         1.1268492988E+00    1.3283934989E-06
           7         2.3103722352E+00    2.7235970778E-06
           8         4.8586060250E-02    5.7275987696E-08
           9         2.1509333558E-09    2.5356415356E-15
          10         4.6748456634E-10    5.5109716927E-16
          11         1.2322426661E-10    1.4526371437E-16
          12         3.5183168428E-09    4.1475902999E-15
          13         7.0636681777E-10    8.3270503836E-16
          14         8.4594869599E-12    9.9725202772E-18
          15         7.1622077727E-12    8.4432144150E-18
          16         9.5419279946E-12    1.1248562810E-17
          17         2.5247748704E-12    2.9763469948E-18
          18         9.8697361360E-15    1.1635001533E-20
step       15 0.150000E+05
nlit      1
           1         4.5133811070E+05    4.5548099578E-01
           2         4.3564954569E+05    4.3964842361E-01
           3         5.5337961250E+02    5.5845914841E-04
           4         3.3492604025E+02    3.3800036538E-04
           5         2.0463714046E+03    2.0651552861E-03
           6         3.6576086847E-01    3.6911823008E-07
           7         7.5732977080E-01    7.6428138896E-07
           8         1.5931012175E-02    1.6077244791E-08
           9         2.5499177919E-09    2.5733237843E-15
          10         5.4564925965E-10    5.5065783775E-16
          11         5.6548876485E-11    5.7067945208E-17
          12         5.0951742217E-11    5.1419434193E-17
          13         4.0092762363E-11    4.0460778498E-17
          14         6.8592707172E-12    6.9222327620E-18
          15         2.9021698521E-13    2.9288092071E-19
          16         1.0532853054E-12    1.0629535339E-18
          17         3.4646513927E-13    3.4964538314E-19
          18         7.9811419323E-15    8.0544017635E-21
step       16 0.160000E+05
nlit      1
           1         4.8781193044E+05    4.2145012994E-01
           2         4.7086084354E+05    4.0680506423E-01
           3         3.0249637131E+02    2.6134484837E-04
           4         1.8308788039E+02    1.5818065563E-04
           5         1.1185252161E+03    9.6636135415E-04
           6         1.2047582955E-01    1.0408633092E-07
           7         2.4837458122E-01    2.1458577168E-07
           8         5.2237196294E-03    4.5130862514E-09
           9         2.7003230072E-09    2.3329718099E-15
          10         8.7930032885E-10    7.5968055459E-16
          11         5.1935087832E-10    4.4869852805E-16
          12         1.6998099989E-09    1.4685683154E-15
          13         9.1809710748E-10    7.9319943015E-16
          14         2.8690869826E-11    2.4787771806E-17
          15         1.1159840176E-12    9.6416585960E-19
          16         7.1458593732E-13    6.1737386346E-19
          17         4.1872688021E-13    3.6176339089E-19
          18         2.4653326339E-15    2.1299494622E-21
step       17 0.170000E+05
nlit      1
           1         5.2721984974E+05    3.8996007474E-01
           2         5.0890234474E+05    3.7641146570E-01
           3         1.6535671292E+02    1.2230669266E-04
           4         1.0008116254E+02    7.4025394990E-05
           5         6.1138648490E+02    4.5221423181E-04
           6         3.9371926718E-02    2.9121588447E-08
           7         8.1427688187E-02    6.0228285006E-08
           8         1.7127463700E-03    1.2668390668E-09
           9         8.3290093867E-10    6.1605820124E-16
          10         2.8767277185E-10    2.1277820944E-16
          11         1.1487429890E-09    8.4967191975E-16
          12         5.2242302445E-09    3.8641208550E-15
          13         7.1707720024E-10    5.3038875288E-16
          14         1.1918651668E-11    8.8156739497E-18
          15         7.2312969791E-13    5.3486550475E-19
          16         3.7967213630E-13    2.8082587315E-19
          17         2.4330557520E-13    1.7996185147E-19
          18         3.7292497164E-16    2.7583530833E-22
step       18 0.180000E+05
nlit      1
           1         5.6980399001E+05    3.6082208614E-01
           2         5.5000860996E+05    3.4828688026E-01
           3         9.0386931000E+01    5.7236526200E-05
           4         5.4706779317E+01    3.4642464049E-05
           5         3.3419215633E+02    2.1162349357E-04
           6         1.2932153608E-02    8.1891435032E-09
           7         2.6700477999E-02    1.6907782924E-08
           8         5.6158189859E-04    3.5561553752E-10
           9         4.4394215391E-09    2.8112146792E-15
          10         1.3366805628E-09    8.4643820967E-16
          11         2.1702826725E-10    1.3743075428E-16
          12         3.2130046276E-09    2.0345997094E-15
          13         5.3194058332E-10    3.3684550186E-16
          14         1.1070521278E-10    7.0102853824E-17
          15         3.7217420367E-13    2.3567520574E-19
          16         1.2473517647E-13    7.8987173443E-20
step       19 0.190000E+05
nlit      1
           1         6.1582369953E+05    3.3386092188E-01
           2         5.9443047086E+05    3.2226285729E-01
           3         4.9407455174E+01    2.6785618262E-05
           4         2.9903692573E+01    1.6211903468E-05
           5         1.8267344125E+02    9.9034063719E-05
           6         4.2353077739E-03    2.2961177995E-09
           7         8.7540167515E-03    4.7458779275E-09
           8         1.8412849522E-04    9.9822902569E-11
           9         1.8016180030E-08    9.7672409784E-15
          10         4.1128834113E-09    2.2297470012E-15
          11         9.7198020672E-11    5.2694660520E-17
          12         5.5766067892E-10    3.0232858609E-16
          13         5.3187085708E-09    2.8834696489E-15
          14         9.0127457268E-11    4.8861445237E-17
          15         2.6210382155E-13    1.4209622585E-19
          16         9.3503381422E-14    5.0691659227E-20
step       20 0.200000E+05
nlit      1
           1         6.6555796243E+05    3.0891415934E-01
           2         6.4243750269E+05    2.9818295667E-01
           3         2.7006830631E+01    1.2535035041E-05
           4         1.6345859726E+01    7.5868185808E-06
           5         9.9852010631E+01    4.6345625270E-05
           6         1.3895491873E-03    6.4494971631E-10
           7         2.8703893871E-03    1.3322715294E-09
           8         6.0386885663E-05    2.8028158437E-11
           9         1.5587032336E-08    7.2346140567E-15
          10         6.2537250103E-09    2.9026235330E-15
          11         7.9872121694E-11    3.7072096978E-17
          12         3.9687459756E-11    1.8420661999E-17
          13         5.3137673584E-10    2.4663486414E-16
          14         2.3269437040E-10    1.0800349462E-16
          15         1.9873790148E-13    9.2242832676E-20
          16         1.0598856451E-13    4.9193864625E-20
step       21 0.210000E+05
nlit      1
           1         7.1930759804E+05    2.8583138683E-01
           2         6.9432023121E+05    2.7590215248E-01
           3         1.4762374215E+01    5.8661272401E-06
           4         8.9348902590E+00    3.5504589148E-06
           5         5.4580469061E+01    2.1688650597E-05
           6         4.5543824746E-04    1.8097757655E-10
           7         9.4114086516E-04    3.7398131123E-10
           8         1.9795846903E-05    7.8662791679E-12
           9         4.5423111760E-09    1.8049789915E-15
          10         1.1600089277E-09    4.6095295176E-16
          11         2.3365490730E-10    9.2847491639E-17
          12         8.2933176345E-10    3.2955170881E-16
          13         1.0145152984E-09    4.0313812270E-16
          14         2.8613987780E-11    1.1370345360E-17
          15         1.1348273898E-13    4.5094655963E-20
step       22 0.220000E+05
nlit      1
           1         7.7739733477E+05    2.6447337333E-01
           2         7.5039219100E+05    2.5528612615E-01
           3         8.0693198255E+00    2.7452116688E-06
           4         4.8839431446E+00    1.6615350489E-06
           5         2.9834468439E+01    1.0149793621E-05
           6         1.4939479907E-04    5.0824648737E-11
           7         3.0859187756E-04    1.0498406824E-10
           8         6.4801417759E-06    2.2045675724E-12
           9         3.4441970690E-08    1.1717282482E-14
          10         8.2615351047E-09    2.8106039991E-15
          11         7.8939648736E-11    2.6855552826E-17
          12         1.1774370300E-09    4.0056831852E-16
          13         2.5164290031E-09    8.5609821058E-16
          14         4.1299283706E-10    1.4050165069E-16
          15         5.3981204506E-14    1.8364600203E-20
step       23 0.230000E+05
nlit      1
           1         8.4017791723E+05    2.4471126430E-01
           2         8.1099198998E+05    2.3621053486E-01
           3         4.4108091275E+00    1.2846977480E-06
           4         2.6696327980E+00    7.7756056641E-07
           5         1.6307938620E+01    4.7498704690E-06
           6         4.8931596734E-05    1.4251877674E-11
           7         1.0108310303E-04    2.9441590208E-11
           8         2.1238096257E-06    6.1858343094E-13
           9         8.1419443328E-09    2.3714328247E-15
          10         2.2707369340E-09    6.6137766135E-16
          11         4.6989309429E-10    1.3686164660E-16
          12         2.7988264126E-09    8.1518965917E-16
          13         1.6568521403E-09    4.8257681344E-16
          14         1.4185938640E-10    4.1318141179E-17
          15         1.2966265380E-14    3.7765705684E-21
step       24 0.240000E+05
nlit      1
           1         9.0802830091E+05    2.2642582083E-01
           2         8.7648544561E+05    2.1856029847E-01
           3         2.4110098226E+00    6.0120910059E-07
           4         1.4592593148E+00    3.6388071587E-07
           5         8.9141471145E+00    2.2228305829E-06
           6         1.6071082835E-05    4.0074831576E-12
           7         3.3157368059E-05    8.2681170529E-12
           8         6.9714568150E-07    1.7384015786E-13
           9         3.4622584168E-08    8.6334831544E-15
          10         8.4557561796E-09    2.1085262781E-15
          11         7.1565599388E-11    1.7845588698E-17
          12         1.3211724512E-10    3.2944739325E-17
          13         4.1374753843E-10    1.0317203320E-16
          14         1.8939794264E-10    4.7228246721E-17
          15         4.9359193542E-15    1.2308202181E-21
step       25 0.250000E+05
nlit      1
           1         9.8135798241E+05    2.0950670791E-01
           2         9.4726784373E+05    2.0222892259E-01
           3         1.3178923719E+00    2.8135226611E-07
           4         7.9765172147E-01    1.7028789618E-07
           5         4.8725874659E+00    1.0402317781E-06
           6         5.3167336054E-06    1.1350509951E-12
           7         1.1095343810E-05    2.3687064216E-12
           8         2.4592851465E-07    5.2502424610E-14
           9         1.6752809830E-08    3.5764991966E-15
          10         3.4047042131E-08    7.2685847968E-15
          11         2.1017581191E-10    4.4869704252E-17
          12         4.7456745959E-09    1.0131375902E-15
          13         1.5202092222E-09    3.2454418794E-16
          14         6.3634462653E-12    1.3585100462E-18
          15         3.7711781338E-15    8.0509572442E-22
step       26 0.260000E+05
nlit      1
           1         1.0606094940E+06    1.9385183228E-01
           2         1.0237663518E+06    1.8711786407E-01
           3         7.2037832392E-01    1.3166642277E-07
           4         4.3600761093E-01    7.9690852048E-08
           5         2.6634555522E+00    4.8681040658E-07
           6         1.8334396248E-06    3.3510508123E-13
           7         3.5965934389E-06    6.5736374419E-13
           8         9.0899191343E-08    1.6614008166E-14
           9         2.7397799563E-08    5.0076052269E-15
          10         1.2618305254E-08    2.3062980368E-15
          11         1.7669669613E-10    3.2295560710E-17
          12         1.1222649979E-08    2.0512085493E-15
          13         1.7371992576E-09    3.1751484502E-16
          14         1.1620445438E-10    2.1239152136E-17
          15         5.9791068980E-16    1.0928252426E-22
step       27 0.270000E+05
nlit      1
           1         1.1462610868E+06    1.7936672802E-01
           2         1.1064426120E+06    1.7313594026E-01
           3         3.9376893486E-01    6.1616891869E-08
           4         2.3832785016E-01    3.7293498985E-08
           5         1.4558863593E+00    2.2781683478E-07
           6         5.2044848421E-07    8.1439684892E-14
           7         1.0422978039E-06    1.6309857227E-13
           8         4.3635595149E-08    6.8280900546E-15
           9         2.0702826352E-08    3.2395745316E-15
          10         2.0434462507E-08    3.1975810056E-15
          11         9.6579399618E-11    1.5112727024E-17
          12         1.3218717664E-10    2.0684625548E-17
          13         4.7683205749E-10    7.4614594309E-17
          14         2.4775747808E-10    3.8769045461E-17
          15         6.1923012632E-16    9.6897018423E-23
step       28 0.280000E+05
nlit      1
           1         1.2388296241E+06    1.6596398736E-01
           2         1.1957955350E+06    1.6019878053E-01
           3         2.1523966439E-01    2.8835307331E-08
           4         1.3027338827E-01    1.7452513682E-08
           5         7.9580774128E-01    1.0661306716E-07
           6         4.3518061185E-07    5.8300437898E-14
           7         4.4742828546E-06    5.9941238786E-13
           8         5.7863537292E-08    7.7518838629E-15
           9         1.4119942630E-08    1.8916257204E-15
          10         1.1476374258E-08    1.5374711706E-15
          11         6.7606405174E-10    9.0571200072E-17
          12         5.8773329911E-09    7.8737672984E-16
          13         2.5782290619E-09    3.4540114890E-16
          14         1.1408699412E-10    1.5284048817E-17
          15         7.8537541378E-17    1.0521546524E-23
step       29 0.290000E+05
nlit      1
           1         1.3388737035E+06    1.5356273357E-01
           2         1.2923643157E+06    1.4822831800E-01
           3         1.1765309306E-01    1.3494275476E-08
           4         7.1209334227E-02    8.1673872528E-09
           5         4.3498387680E-01    4.9890675276E-08
           6         6.1930860236E-07    7.1031884224E-14
           7         1.0057110170E-07    1.1535048642E-14
           8         2.4253150458E-08    2.7817262167E-15
           9         2.0058269116E-08    2.3005923770E-15
          10         3.4150174858E-09    3.9168699700E-16
          11         6.1281196201E-10    7.0286749080E-17
          12         1.4852049693E-08    1.7034626522E-15
          13         4.1289805431E-09    4.7357531735E-16
          14         1.1218618913E-10    1.2867246422E-17
          15         1.0696631755E-15    1.2268550857E-22
step       30 0.300000E+05
nlit      1
           1         1.4469970307E+06    1.4208813311E-01
           2         1.3967316888E+06    1.3715231883E-01
           3         6.4310730099E-02    6.3150036830E-09
           4         3.8924003293E-02    3.8221494885E-09
           5         2.3779539330E-01    2.3350361319E-08
           6         1.1141543667E-06    1.0940458798E-13
           7         4.1418291777E-07    4.0670765938E-14
           8         8.0732416145E-08    7.9275340913E-15
           9         2.0933823722E-08    2.0556005771E-15
          10         2.3607967334E-09    2.3181885890E-16
          11         3.7717749337E-10    3.7037011648E-17
          12         1.0020467152E-09    9.8396157023E-17
          13         3.7070501971E-09    3.6401445936E-16
          14         3.1492143570E-11    3.0923766893E-18
          15         3.3417686757E-16    3.2814557481E-23
step       31 0.310000E+05
nlit      1
           1         1.5638520628E+06    1.3147094411E-01
           2         1.5095274471E+06    1.2690394657E-01
           3         3.5153210033E-02    2.9552831892E-09
           4         2.1276392577E-02    1.7886777695E-09
           5         1.2997884615E-01    1.0927147155E-08
           6         8.5745751427E-07    7.2085302452E-14
           7         9.5505866608E-05    8.0290500296E-12
           8         4.6972741152E-08    3.9489353076E-15
           9         7.1768682153E-09    6.0334967896E-16
          10         1.7529160869E-09    1.4736530288E-16
          11         6.0037151258E-10    5.0472427319E-17
          12         3.9061003438E-09    3.2838061363E-16
          13         2.3010332229E-09    1.9344477489E-16
          14         1.0801447553E-10    9.0806319945E-18
          15         3.1182961975E-16    2.6215097633E-23
step       32 0.320000E+05
nlit      1
           1         1.6901439465E+06    1.2164709864E-01
           2         1.6314322422E+06    1.1742135887E-01
           3         1.9215367574E-02    1.3830145766E-09
           4         1.1630057119E-02    8.3706639810E-10
           5         7.0992777747E-02    5.1096626740E-09
           6         1.9534994622E-06    1.4060195421E-13
           7         4.0555098072E-07    2.9189289029E-14
           8         9.1572432726E-08    6.5908710198E-15
           9         8.0713942744E-08    5.8093377045E-15
          10         1.8936243582E-08    1.3629247945E-15
          11         2.4502182330E-10    1.7635299034E-17
          12         2.6902931670E-09    1.9363223998E-16
          13         2.3265335267E-07    1.6745085766E-14
          14         6.7873841860E-10    4.8851791309E-17
          15         9.8935827252E-17    7.1208469323E-24
step       33 0.330000E+05
nlit      1
           1         1.8266347736E+06    1.1255731604E-01
           2         1.7631816928E+06    1.0864733437E-01
           3         1.0503338851E-02    6.4721620740E-10
           4         6.3571290696E-03    3.9172657618E-10
           5         3.8823138454E-02    2.3922835193E-09
           6         1.5902834058E-06    9.7993334235E-14
           7         1.9109175175E-06    1.1775082247E-13
           8         8.0052270367E-08    4.9328244625E-15
           9         3.8928180654E-08    2.3987562243E-15
          10         1.1103151779E-08    6.8417670673E-16
          11         1.8227203703E-10    1.1231611033E-17
          12         7.2141139861E-08    4.4453402487E-15
          13         2.3945773786E-09    1.4755396463E-16
          14         5.0360380185E-10    3.1032088682E-17
          15         4.5789400596E-17    2.8215449025E-24
step       34 0.340000E+05
nlit      1
           1         1.9741481796E+06    1.0414674526E-01
           2         1.9055708232E+06    1.0052892744E-01
           3         5.7408281694E-03    3.0285901286E-10
           4         3.4747507980E-03    1.8331146057E-10
           5         2.1332105586E-02    1.1253812603E-09
           6         6.6624289208E-06    3.5147832102E-13
           7         9.1675549621E-07    4.8363695346E-14
           8         3.6500694115E-07    1.9256044359E-14
           9         2.8009666475E-07    1.4776578725E-14
          10         5.6390086730E-08    2.9748749655E-15
          11         2.2880242902E-10    1.2070536819E-17
          12         7.1289449045E-09    3.7608950361E-16
          13         4.1316584674E-09    2.1796681036E-16
          14         2.0032200948E-09    1.0568044236E-16
          15         3.8597621268E-17    2.0362284205E-24
step       35 0.350000E+05
nlit      1
           1         2.1335743143E+06    9.6364633850E-02
           2         2.0594588616E+06    9.3017148641E-02
           3         3.1383355271E-03    1.4174549813E-10
           4         1.8993966516E-03    8.5787807646E-11
           5         1.1606045627E-02    5.2419656997E-10
           6         2.2900860525E-06    1.0343361488E-13
           7         2.8019634266E-06    1.2655297632E-13
           8         1.3482196430E-07    6.0893445978E-15
           9         5.2777202193E-08    2.3837256246E-15
          10         4.0066872185E-08    1.8096531449E-15
          11         2.6709995683E-10    1.2063788624E-17
          12         5.4794614584E-09    2.4748437099E-16
          13         7.8873261912E-10    3.5623755657E-17
          14         2.5199104069E-10    1.1381382035E-17
          15         2.8121723203E-17    1.2701406937E-24
step       36 0.360000E+05
nlit      1
           1         2.3058752131E+06    8.9164021728E-02
           2         2.2257744245E+06    8.6066669185E-02
           3         1.7155610276E-03    6.6337640422E-11
           4         1.0382992883E-03    4.0149154552E-11
           5         6.3026634917E-03    2.4371259179E-10
           6         3.5200005406E-06    1.3611205104E-13
           7         1.8138531843E-05    7.0138420251E-13
           8         1.2993458905E-07    5.0243354262E-15
           9         6.2811563625E-08    2.4288095002E-15
          10         2.2353181993E-08    8.6435709686E-16
          11         4.9991573378E-10    1.9330836767E-17
          12         2.8240091731E-09    1.0919932434E-16
          13         3.5091090223E-09    1.3569089573E-16
          14         8.2348766826E-10    3.1842777930E-17
          15         6.5355315586E-18    2.5271717853E-25
step       37 0.370000E+05
nlit      1
           1         2.4920906024E+06    8.2501457776E-02
           2         2.4055211205E+06    7.9635547344E-02
           3         9.3773612923E-04    3.1044054978E-11
           4         5.6762743448E-04    1.8791488068E-11
           5         3.3847514782E-03    1.1205328205E-10
           6         2.0420572871E-06    6.7602960697E-14
           7         2.8364563165E-06    9.3901795066E-14
           8         9.6066467706E-08    3.1803111900E-15
           9         5.6962846623E-08    1.8857732865E-15
          10         1.2806568906E-08    4.2396556643E-16
          11         3.4305398662E-10    1.1356912130E-17
          12         3.3871735234E-09    1.1213346463E-16
          13         2.8671010347E-09    9.4916298278E-17
          14         1.0787993888E-09    3.5713999379E-17
          15         4.3792418573E-18    1.4497620465E-25
step       38 0.380000E+05
nlit      1
           1         2.6933441737E+06    7.6336737658E-02
           2         2.5997836068E+06    7.3684975390E-02
           3         5.1271097279E-04    1.4531630754E-11
           4         3.1003757448E-04    8.7873125232E-12
           5         1.8661283547E-03    5.2891179685E-11
           6         7.2291142457E-06    2.0489286258E-13
           7         7.6998337270E-07    2.1823433966E-14
           8         3.9776263550E-07    1.1273680598E-14
           9         1.2531497735E-07    3.5517690773E-15
          10         6.0166849632E-08    1.7052930186E-15
          11         5.0726088314E-10    1.4377160312E-17
          12         1.1947176557E-08    3.3861564796E-16
          13         3.7936313071E-09    1.0752188327E-16
          14         1.0179673314E-09    2.8851977359E-17
          15         1.5743089169E-18    4.4620218967E-26
step       39 0.390000E+05
nlit      1
           1         2.9108503644E+06    7.0632661208E-02
           2         2.8097341338E+06    6.8179045405E-02
           3         2.7944995068E-04    6.7809372590E-12
           4         1.6904009817E-04    4.1018089183E-12
           5         1.2155576697E-03    2.9495873136E-11
           6         4.8387027559E-06    1.1741258040E-13
           7         9.2779994292E-07    2.2513345186E-14
           8         2.3096639572E-07    5.6044691885E-15
           9         3.4021062446E-07    8.2553133170E-15
          10         4.7698752406E-08    1.1574246000E-15
          11         3.6392966441E-10    8.8308629685E-18
          12         2.9524787444E-07    7.1642786392E-15
          13         5.2006131718E-09    1.2619444570E-16
          14         2.0011532210E-09    4.8558585908E-17
          15         1.2244483365E-18    2.9711607845E-26
step       40 0.400000E+05
nlit      1
           1         3.1459216859E+06    6.5354807952E-02
           2         3.0366396197E+06    6.3084532602E-02
           3         1.5212978308E-04    3.1604133064E-12
           4         9.2217967855E-05    1.9157780074E-12
           5         1.0345474895E-03    2.1492160086E-11
           6         4.3335811089E-06    9.0027784984E-14
           7         3.2694310160E-06    6.7920646950E-14
           8         5.0462205567E-07    1.0483248100E-14
           9         2.2106842227E-07    4.5925759520E-15
          10         5.0341420808E-08    1.0458155725E-15
          11         2.7257055748E-10    5.6625047334E-18
          12         1.3154580341E-08    2.7327923504E-16
          13         5.3185238819E-09    1.1048943413E-16
          14         1.6220380739E-09    3.3696956693E-17
          15         9.5698587920E-19    1.9880859917E-26
step       41 0.410000E+05
nlit      1
           1         3.3999766443E+06    6.0471329401E-02
           2         3.2818692945E+06    5.8370694838E-02
           3         8.4361759955E-05    1.5004420056E-12
           4         5.1095165334E-05    9.0876876432E-13
           5         2.3578413893E-04    4.1936112581E-12
           6         3.2516379033E-06    5.7833005139E-14
           7         1.7264822449E-06    3.0706880505E-14
           8         2.9790130460E-07    5.2984151964E-15
           9         5.7317354001E-07    1.0194354129E-14
          10         4.1962096326E-08    7.4632975893E-16
          11         1.7254675020E-10    3.0688832483E-18
          12         9.8366795214E-07    1.7495328638E-14
          13         2.7677206311E-09    4.9226145789E-17
          14         6.7310291545E-10    1.1971678743E-17
          15         5.4867321298E-19    9.7585960336E-27
step       42 0.420000E+05
nlit      1
           1         3.6745482997E+06    5.5952756870E-02
           2         3.5469029636E+06    5.4009087098E-02
           3         4.6645974301E-05    7.1028345423E-13
           4         2.8253286480E-05    4.3021594500E-13
           5         8.1106791493E-05    1.2350221618E-12
           6         3.5362882576E-06    5.3847455786E-14
           7         6.0894157571E-07    9.2724213032E-15
           8         1.8909102822E-07    2.8793101805E-15
           9         1.0944764157E-07    1.6665714475E-15
          10         2.6231126830E-08    3.9942429443E-16
          11         7.7011655388E-10    1.1726650676E-17
          12         4.5056329651E-08    6.8607775781E-16
          13         1.2787115463E-08    1.9471083361E-16
          14         3.1355455893E-10    4.7745302471E-18
          15         2.1072553250E-20    3.2087411907E-28
step       43 0.430000E+05
nlit      1
           1         3.9712935173E+06    5.1771823644E-02
           2         3.8333399365E+06    4.9973389854E-02
           3         2.4529336692E-05    3.1977704186E-13
           4         1.4657626445E-05    1.9108435276E-13
           5         3.0171452072E-05    3.9333055816E-13
           6         6.4600575532E-06    8.4216630909E-14
           7         1.6470571305E-05    2.1471883385E-13
           8         3.4969091454E-07    4.5587505126E-15
           9         2.2452520206E-07    2.9270259461E-15
          10         5.8561530620E-08    7.6343821537E-16
          11         9.3777823211E-10    1.2225359077E-17
          12         7.2567838142E-10    9.4603163986E-18
          13         1.1813474468E-09    1.5400652562E-17
          14         2.4641343432E-09    3.2123721931E-17
          15         6.4734471567E-19    8.4391184663E-27
step       44 0.440000E+05
nlit      1
           1         4.2920029659E+06    4.7903300452E-02
           2         4.1429086783E+06    4.6239250238E-02
           3         1.6908967472E-05    1.8872199194E-13
           4         8.6924722115E-06    9.7017199505E-14
           5         6.3346911010E-06    7.0701864257E-14
           6         4.8862025830E-05    5.4535197731E-13
           7         4.2673059161E-06    4.7627655210E-14
           8         8.9233569485E-07    9.9594117791E-15
           9         3.4648536880E-07    3.8671438151E-15
          10         1.2383666686E-07    1.3821484064E-15
          11         9.9570291412E-10    1.1113099463E-17
          12         4.0696038528E-08    4.5421090720E-16
          13         9.3218145174E-09    1.0404132642E-16
          14         3.3079359886E-09    3.6920070372E-17
          15         6.5564516818E-20    7.3176947292E-28
step       45 0.450000E+05
nlit      1
           1         4.6386119230E+06    4.4323843216E-02
           2         4.4774772394E+06    4.2784135094E-02
           3         1.3286437501E-05    1.2695737054E-13
           4         2.9562761203E-05    2.8248433245E-13
           5         4.3691948838E-06    4.1749452686E-14
           6         4.4934330818E-05    4.2936599725E-13
           7         4.4337149340E-06    4.2365968281E-14
           8         1.0677614650E-05    1.0202899607E-13
           9         3.0058432947E-07    2.8722067967E-15
          10         1.6888994526E-07    1.6138128342E-15
          11         1.1894594308E-09    1.1365773684E-17
          12         3.3493189763E-09    3.2004119260E-17
          13         1.0466998938E-08    1.0001647639E-16
          14         1.1489734089E-08    1.0978913106E-16
          15         2.8592120424E-19    2.7320946092E-27
step       46 0.460000E+05
nlit      1
           1         5.0132119534E+06    4.1011852187E-02
           2         4.8390645284E+06    3.9587194997E-02
           3         9.7913035536E-06    8.0100242677E-14
           4         5.9056708246E-06    4.8312838391E-14
           5         3.4540802336E-06    2.8256979617E-14
           6         4.6829306681E-06    3.8309902344E-14
           7         3.2203258451E-06    2.6344692541E-14
           8         9.3459036987E-07    7.6456536171E-15
           9         1.2542606606E-07    1.0260797528E-15
          10         4.5008684037E-08    3.6820495802E-16
          11         2.1903432013E-10    1.7918658227E-18
          12         3.7761403087E-10    3.0891673765E-18
          13         7.1143247799E-10    5.8200538696E-18
          14         1.4667534195E-08    1.1999148449E-16
          15         4.8966499273E-19    4.0058286962E-27
step       47 0.470000E+05
nlit      1
           1         5.4180635299E+06    3.7947341607E-02
           2         5.2298524945E+06    3.6629138449E-02
           3         4.1147854692E-06    2.8819368576E-14
           4         2.3078474166E-06    1.6163833039E-14
           5         1.7693604667E-06    1.2392347503E-14
           6         2.1519068736E-06    1.5071647792E-14
           7         2.4263883499E-06    1.6994076772E-14
           8         4.3002526251E-07    3.0118353994E-15
           9         5.2108979682E-07    3.6496383659E-15
          10         1.5130534503E-07    1.0597209839E-15
          11         5.9428268538E-10    4.1622708830E-18
          12         2.8982287074E-08    2.0298779113E-16
          13         1.0834950496E-08    7.5886442726E-17
          14         3.2798222947E-09    2.2971405990E-17
          15         8.6571034706E-20    6.0633113825E-28
step       48 0.480000E+05
nlit      1
           1         5.8556096744E+06    3.5111819101E-02
           2         5.6521992948E+06    3.3892115458E-02
           3         1.4180054006E-05    8.5027438438E-14
           4         2.6454403472E-06    1.5862775711E-14
           5         1.3989485378E-06    8.3884737407E-15
           6         7.6277859139E-07    4.5738267071E-15
           7         1.8070108113E-06    1.0835325482E-14
           8         1.0869869656E-06    6.5178677924E-15
           9         4.5541772885E-07    2.7308078578E-15
          10         2.5348528742E-07    1.5199663317E-15
          11         8.9168997092E-10    5.3468141994E-18
          12         5.9195074948E-10    3.5494967712E-18
          13         1.1446872857E-09    6.8638545151E-18
          14         4.4085726546E-10    2.6434993818E-18
          15         3.4285511632E-20    2.0558519935E-28
step       49 0.490000E+05
nlit      1
           1         6.3284906996E+06    3.2488174096E-02
           2         6.1086535234E+06    3.1359609831E-02
           3         5.6103255931E-06    2.8801375123E-14
           4         7.0989295858E-06    3.6443327679E-14
           5         1.6243346173E-06    8.3387443140E-15
           6         8.7087545686E-07    4.4707584796E-15
           7         5.1674412363E-07    2.6527767597E-15
           8         6.5621659731E-08    3.3687778129E-16
           9         7.3310667928E-08    3.7635035837E-16
          10         1.2411506007E-07    6.3716166630E-16
          11         3.9325437463E-10    2.0188252134E-18
          12         1.2973206318E-08    6.6599732141E-17
          13         7.2205464722E-09    3.7067664628E-17
          14         3.7860218760E-09    1.9436062037E-17
          15         1.3972308594E-19    7.1728760563E-28
step       50 0.500000E+05
nlit      1
           1         6.8395601419E+06    3.0060574562E-02
           2         6.6019695915E+06    2.9016339508E-02
           3         1.4424917259E-05    6.3399004002E-14
           4         2.5922785350E-06    1.1393332403E-14
           5         1.7522814513E-06    7.7014582997E-15
           6         3.9212306951E-07    1.7234214663E-15
           7         5.1829547953E-07    2.2779622643E-15
           8         1.5940955273E-07    7.0062147948E-16
           9         1.9985479922E-07    8.7838252299E-16
          10         2.7273635127E-07    1.1987044858E-15
          11         2.3548920731E-09    1.0349994339E-17
          12         2.0053733925E-08    8.8138235705E-17
          13         5.2095311225E-08    2.2896428351E-16
          14         3.1943882788E-09    1.4039667032E-17
          15         2.3104667673E-20    1.0154740523E-28
step       51 0.510000E+05
nlit      1
           1         7.3919019802E+06    2.7814371479E-02
           2         7.1351243478E+06    2.6848164342E-02
           3         2.2936859354E-05    8.6307195137E-14
           4         5.8743050573E-06    2.2103932585E-14
           5         6.8498752804E-06    2.5774824416E-14
           6         2.1020162436E-06    7.9095016159E-15
           7         4.7160282109E-07    1.7745549240E-15
           8         1.5268093718E-07    5.7451036498E-16
           9         5.3393717008E-07    2.0091076471E-15
          10         1.0235748722E-07    3.8515245209E-16
          11         2.0465901124E-09    7.7009432490E-18
          12         1.2542083694E-07    4.7193560728E-16
          13         2.5284080432E-08    9.5139357576E-17
          14         1.2161489872E-08    4.5761455977E-17
          15         4.4745445850E-19    1.6836890644E-27
step       52 0.520000E+05
nlit      1
           1         7.9888492463E+06    2.5736010441E-02
           2         7.7113350422E+06    2.4842000774E-02
           3         1.9492673333E-05    6.2795482672E-14
           4         6.3451520851E-06    2.0440853905E-14
           5         7.1285451648E-06    2.2964548101E-14
           6         1.0931763014E-06    3.5216582314E-15
           7         2.9494611097E-07    9.5016640787E-16
           8         2.8834042794E-07    9.2888625573E-16
           9         2.4826353993E-07    7.9977889918E-16
          10         1.4152059645E-07    4.5590740740E-16
          11         1.6345185999E-09    5.2655878783E-18
          12         9.5489840389E-08    3.0761971512E-16
          13         1.7659831388E-08    5.6890997813E-17
          14         2.6108804796E-09    8.4109294358E-18
          15         3.3144057286E-20    1.0677330089E-28
step       53 0.530000E+05
nlit      1
           1         8.6340041374E+06    2.3812949860E-02
           2         8.3340787399E+06    2.2985742884E-02
           3         2.8191358692E-05    7.7752963787E-14
           4         1.0065115955E-05    2.7760016993E-14
           5         5.4618270437E-06    1.5063950800E-14
           6         2.6800189007E-06    7.3916058749E-15
           7         4.7968373901E-07    1.3229881112E-15
           8         1.7732175595E-06    4.8906092889E-15
           9         3.8927485326E-07    1.0736365671E-15
          10         1.1115869496E-06    3.0658039856E-15
          11         1.2750909326E-09    3.5167549102E-18
          12         2.3609362288E-08    6.5115623232E-17
          13         3.5628514701E-09    9.8264955710E-18
          14         4.1769612767E-09    1.1520236482E-17
          15         1.1831142770E-18    3.2630793903E-27
step       54 0.540000E+05
nlit      1
           1         9.3312597530E+06    2.2033585288E-02
           2         9.0071133028E+06    2.1268189335E-02
           3         2.9211896684E-05    6.8977054980E-14
           4         9.0559128187E-06    2.1383417967E-14
           5         3.4670552903E-06    8.1866393671E-15
           6         2.5350020220E-06    5.9858137848E-15
           7         9.7572391098E-07    2.3039435810E-15
           8         1.0844541543E-06    2.5606845948E-15
           9         4.5685553402E-07    1.0787573854E-15
          10         1.6885928592E-06    3.9872167065E-15
          11         1.7646784607E-09    4.1668750414E-18
          12         1.5320436107E-08    3.6175623074E-17
          13         3.4380459413E-08    8.1181405810E-17
          14         7.5925554440E-09    1.7928042125E-17
          15         5.0619600941E-19    1.1952633665E-27
step       55 0.550000E+05
nlit      1
           1         1.0084823587E+07    2.0387179392E-02
           2         9.7345000671E+06    1.9678975784E-02
           3         3.8115351683E-05    7.7052861226E-14
           4         1.1315771799E-05    2.2875627683E-14
           5         1.9219858364E-05    3.8854293977E-14
           6         1.9438324799E-06    3.9295939223E-15
           7         3.5316050946E-06    7.1393878121E-15
           8         3.7308559281E-06    7.5421873705E-15
           9         1.5410381083E-06    3.1153168017E-15
          10         2.5550905607E-07    5.1652950766E-16
          11         1.4575057543E-09    2.9464502796E-18
          12         1.0516400572E-07    2.1259642587E-16
          13         1.2656245245E-08    2.5585488928E-17
          14         8.6633806705E-09    1.7513632672E-17
          15         2.4976680522E-18    5.0492114414E-27
step       56 0.560000E+05
nlit      1
           1         1.0899242919E+07    1.8863797160E-02
           2         1.0520628349E+07    1.8208512338E-02
           3         2.9692637866E-05    5.1390349037E-14
           4         1.4940028009E-05    2.5857360921E-14
           5         2.0745870025E-05    3.5905786022E-14
           6         8.9934997382E-07    1.5565443956E-15
           7         5.2214946966E-07    9.0370695982E-16
           8         1.3013207998E-06    2.2522529123E-15
           9         3.6473585698E-06    6.3126432487E-15
          10         4.4661133871E-07    7.7296980764E-16
          11         9.1712947561E-10    1.5873161582E-18
          12         7.0884646095E-10    1.2268316209E-18
          13         1.9169125478E-09    3.3176845165E-18
          14         9.2567277799E-10    1.6021024258E-18
          15         1.4572416687E-16    2.5221119902E-25
step       57 0.570000E+05
nlit      1
           1         1.1779432251E+07    1.7454245947E-02
           2         1.1370241932E+07    1.6847925684E-02
           3         2.9225995798E-05    4.3305798433E-14
           4         1.0157222422E-05    1.5050526588E-14
           5         9.1233131971E-05    1.3518525257E-13
           6         1.0951779677E-06    1.6227866672E-15
           7         2.1005414357E-07    3.1124901489E-16
           8         3.4710702053E-07    5.1432795549E-16
           9         1.6445036694E-07    2.4367533932E-16
          10         6.1920388771E-07    9.1750915641E-16
          11         1.9679497454E-09    2.9160215991E-18
          12         1.5258696237E-07    2.2609666687E-16
          13         2.8139347966E-08    4.1695651347E-17
          14         4.6231658754E-09    6.8504043764E-18
          15         3.0562025938E-18    4.5285469282E-27
step       58 0.580000E+05
nlit      1
           1         1.2730702965E+07    1.6150020009E-02
           2         1.2288467696E+07    1.5589005549E-02
           3         6.6388680671E-05    8.4219899257E-14
           4         2.3809092696E-05    3.0203934888E-14
           5         6.8245262318E-06    8.6575136893E-15
           6         3.1737535172E-06    4.0261863737E-15
           7         1.2563490720E-06    1.5937896521E-15
           8         3.4423436939E-06    4.3669167120E-15
           9         3.5850276390E-07    4.5479238861E-16
          10         1.6855371037E-06    2.1382525400E-15
          11         1.1826544695E-09    1.5003015465E-18
          12         4.5049523890E-08    5.7149296013E-17
          13         6.5120445539E-09    8.2611031090E-18
          14         9.2764935578E-11    1.1768050592E-19
          15         1.9236957064E-19    2.4403777415E-28
step       59 0.590000E+05
nlit      1
           1         1.3758795377E+07    1.4943249172E-02
           2         1.3280846547E+07    1.4424155148E-02
           3         5.3701122959E-05    5.8324093006E-14
           4         4.1223431533E-05    4.4772234216E-14
           5         4.2012363555E-05    4.5629083050E-14
           6         3.6743253045E-06    3.9906370479E-15
           7         1.0555967124E-06    1.1464698956E-15
           8         4.9598179499E-07    5.3867939340E-16
           9         5.9897519782E-07    6.5053919212E-16
          10         6.0700099232E-07    6.5925590341E-16
          11         1.6368531127E-09    1.7777649316E-18
          12         9.0627833719E-08    9.8429714529E-17
          13         2.7770892094E-08    3.0161605644E-17
          14         8.3970032746E-09    9.1198763261E-18
          15         2.3536693453E-18    2.5562897428E-27
step       60 0.600000E+05
nlit      1
           1         1.4869913368E+07    1.3826651341E-02
           2         1.4353366861E+07    1.3346345351E-02
           3         1.3195040616E-04    1.2269286411E-13
           4         7.9867498371E-05    7.4264054274E-14
           5         2.3359519330E-05    2.1720632882E-14
           6         5.8016272519E-06    5.3945894125E-15
           7         1.9098050376E-06    1.7758145411E-15
           8         5.6531264457E-06    5.2565073120E-15
           9         9.8319275257E-07    9.1421268260E-16
          10         3.0170181822E-06    2.8053464375E-15
          11         5.5814137644E-09    5.1898259389E-18
          12         5.7047790319E-08    5.3045359913E-17
          13         4.8860832985E-08    4.5432793398E-17
          14         1.7870309882E-08    1.6616542274E-17
          15         5.3826054020E-19    5.0049658229E-28
step       61 0.610000E+05
nlit      1
           1         1.6070761832E+07    1.2793488558E-02
           2         1.5512500618E+07    1.2349072262E-02
           3         1.2998297838E-04    1.0347585037E-13
           4         1.6923163630E-05    1.3472062030E-14
           5         1.1631404172E-05    9.2594388337E-15
           6         5.6612369042E-06    4.5067539621E-15
           7         1.4919416716E-06    1.1876934587E-15
           8         7.7486288063E-07    6.1684688637E-16
           9         4.2459092309E-07    3.3800507862E-16
          10         1.6742539305E-07    1.3328272006E-16
          11         4.0400082776E-09    3.2161387379E-18
          12         9.0975321115E-09    7.2422934392E-18
          13         1.2954673531E-08    1.0312856934E-17
          14         6.7979207031E-09    5.4116364641E-18
          15         2.3681258651E-19    1.8851994371E-28
step       62 0.620000E+05
nlit      1
           1         1.7368587123E+07    1.1837526343E-02
           2         1.6765242450E+07    1.1426317970E-02
           3         1.0999661974E-04    7.4967979525E-14
           4         3.3290463316E-05    2.2689049702E-14
           5         5.7484142531E-05    3.9178204117E-14
           6         5.5391800703E-06    3.7752172666E-15
           7         6.1746675081E-06    4.2083324782E-15
           8         6.9565737087E-06    4.7412391090E-15
           9         2.9591287993E-06    2.0167884047E-15
          10         1.4175332681E-06    9.6611700684E-16
          11         3.0002706641E-09    2.0448285616E-18
          12         5.1900616090E-09    3.5372762669E-18
          13         1.3339415949E-08    9.0914526659E-18
          14         3.1456811953E-09    2.1439328227E-18
          15         2.9526828794E-18    2.0123952007E-27
step       63 0.630000E+05
nlit      1
           1         1.8771220793E+07    1.0952996072E-02
           2         1.8119151860E+07    1.0572514242E-02
           3         9.8527036333E-05    5.7490466598E-14
           4         2.1640537901E-05    1.2627240884E-14
           5         1.7801994843E-05    1.0387453312E-14
           6         6.4699979027E-06    3.7752398952E-15
           7         2.9862227179E-06    1.7424591646E-15
           8         5.0992089418E-06    2.9753853587E-15
           9         2.0661947484E-06    1.2056233962E-15
          10         4.2183506795E-06    2.4614050911E-15
          11         9.3801039876E-09    5.4732850501E-18
          12         9.1648909773E-09    5.3477083876E-18
          13         6.5800437296E-09    3.8394515691E-18
          14         9.0199365401E-09    5.2631275605E-18
          15         1.5752702566E-19    9.1916924977E-29
step       64 0.640000E+05
nlit      1
           1         2.0287126843E+07    1.0134560168E-02
           2         1.9582398829E+07    9.7825089131E-03
           3         8.1448588970E-05    4.0688148296E-14
           4         5.4661164153E-04    2.7306323918E-13
           5         4.7882544086E-05    2.3920022178E-14
           6         4.7348593485E-06    2.3653283841E-15
           7         1.9554030968E-06    9.7683375718E-16
           8         2.4966621831E-06    1.2472230942E-15
           9         3.9350327287E-06    1.9657700304E-15
          10         1.6582267825E-06    8.2837748434E-16
          11         8.1545087842E-09    4.0736354907E-18
          12         1.8902005908E-07    9.4426144052E-17
          13         8.6179531044E-08    4.3051519782E-17
          14         4.0397595029E-08    2.0180869406E-17
          15         2.1563086210E-16    1.0771973591E-25
step       65 0.650000E+05
nlit      1
           1         2.1925452803E+07    9.3772798887E-03
           2         2.1163813123E+07    9.0515348053E-03
           3         1.5351370768E-04    6.5656158466E-14
           4         4.3466365561E-04    1.8590096144E-13
           5         2.5255562030E-05    1.0801531719E-14
           6         9.0043429590E-06    3.8510604501E-15
           7         1.0684618716E-05    4.5696962845E-15
           8         2.5070718667E-06    1.0722476205E-15
           9         1.3784962174E-05    5.8956797711E-15
          10         1.1963949109E-06    5.1168521068E-16
          11         6.1789845404E-09    2.6426851014E-18
          12         6.1774430617E-09    2.6420258276E-18
          13         1.4762356300E-08    6.3137007060E-18
          14         1.6631362144E-08    7.1130543648E-18
          15         4.6986608161E-16    2.0095665969E-25
step       66 0.660000E+05
nlit      1
           1         2.3696084927E+07    8.6765855307E-03
           2         2.2872937570E+07    8.3751809537E-03
           3         2.2803666227E-04    8.3498164797E-14
           4         5.5493987645E-05    2.0319741920E-14
           5         2.5448087184E-05    9.3181006788E-15
           6         1.2073293462E-05    4.4207709284E-15
           7         8.2247067754E-06    3.0115680299E-15
           8         2.4565289633E-04    8.9948545187E-14
           9         6.2396974024E-06    2.2847347299E-15
          10         1.5153683916E-06    5.5486902165E-16
          11         3.9548549864E-09    1.4481142204E-18
          12         2.2848956405E-07    8.3663999830E-17
          13         6.6524196963E-08    2.4358575966E-17
          14         2.1107154207E-08    7.7286197003E-18
          15         4.7332029291E-18    1.7331149924E-27
step       67 0.670000E+05
nlit      1
           1         2.5609707856E+07    8.0282488488E-03
           2         2.4720085649E+07    7.7493659933E-03
           3         2.1991184859E-04    6.8938976391E-14
           4         6.3509096395E-05    1.9909123247E-14
           5         2.1402826717E-05    6.7094564265E-15
           6         6.6645779353E-06    2.0892425028E-15
           7         3.0337092271E-06    9.5102110289E-16
           8         1.7461054073E-06    5.4737714327E-16
           9         5.5267965857E-06    1.7325655793E-15
          10         4.1010638601E-06    1.2856203358E-15
          11         4.6864507259E-09    1.4691300993E-18
          12         2.5331732279E-09    7.9411077882E-19
          13         8.2179255468E-09    2.5761930469E-18
          14         2.7233497633E-09    8.5372819265E-19
          15         8.3956404921E-19    2.6319039442E-28
step       68 0.680000E+05
nlit      1
           1         2.7677869086E+07    7.4283575436E-03
           2         2.6716403727E+07    7.1703135291E-03
           3         1.8122598558E-04    4.8638549914E-14
           4         1.9481270959E-04    5.2285038864E-14
           5         2.7690493626E-05    7.4317457957E-15
           6         2.0778285352E-05    5.5766046244E-15
           7         1.4519389344E-05    3.8968034362E-15
           8         3.0743219985E-06    8.2510553606E-16
           9         2.1296393822E-06    5.7156577773E-16
          10         3.3063765117E-06    8.8738576032E-16
          11         1.0004155742E-08    2.6849771398E-18
          12         4.7374389153E-09    1.2714631316E-18
          13         8.9560362823E-09    2.4036763622E-18
          14         6.8259860424E-09    1.8320003160E-18
          15         3.0382294005E-18    8.1541878156E-28
step       69 0.690000E+05
nlit      1
           1         2.9913048655E+07    6.8732916522E-03
           2         2.8873938311E+07    6.6345293469E-03
           3         1.0996156910E-04    2.5266496360E-14
           4         2.7506091601E-04    6.3202314137E-14
           5         1.7930381580E-05    4.1199659539E-15
           6         1.4058714700E-05    3.2303509916E-15
           7         1.3976396262E-03    3.2114362151E-13
           8         2.1473102892E-05    4.9339972182E-15
           9         3.8342158520E-06    8.8100962600E-16
          10         3.0483205894E-06    7.0042999300E-16
          11         1.0076347027E-08    2.3152996776E-18
          12         1.3683047728E-08    3.1440318508E-18
          13         5.6920340037E-08    1.3078910897E-17
          14         3.5578795909E-08    8.1751426856E-18
          15         1.3536986366E-14    3.1104704992E-24
step       70 0.700000E+05
nlit      1
           1         3.2328734451E+07    6.3597017053E-03
           2         3.1205708752E+07    6.1387803307E-03
           3         4.2872973438E-04    8.4339621366E-14
           4         8.8346540982E-05    1.7379512588E-14
           5         4.3433815301E-05    8.5442908275E-15
           6         2.0815528978E-05    4.0948263946E-15
           7         2.7502369407E-05    5.4102602093E-15
           8         2.1902480068E-04    4.3086511800E-14
           9         7.4239576668E-06    1.4604393595E-15
          10         3.0689994007E-06    6.0373290366E-16
          11         1.0812494968E-08    2.1270316903E-18
          12         2.2140882590E-07    4.3555496729E-17
          13         7.3784546766E-08    1.4514880210E-17
          14         4.2438518430E-08    8.3484962406E-18
          15         8.3929873526E-17    1.6510666713E-26
step       71 0.710000E+05
nlit      1
           1         3.4939503601E+07    5.8844885138E-03
           2         3.3725785800E+07    5.6800749498E-03
           3         3.7224718379E-04    6.2693629032E-14
           4         2.2979382902E-04    3.8701727501E-14
           5         4.2511814729E-05    7.1598122380E-15
           6         3.3818224493E-05    5.6956434144E-15
           7         5.2095886177E-05    8.7739553293E-15
           8         1.4478584120E-05    2.4384737381E-15
           9         2.7873252955E-05    4.6943951674E-15
          10         2.8212912661E-06    4.7516004346E-16
          11         7.7205229412E-09    1.3002854616E-18
          12         1.5875955917E-07    2.6738181889E-17
          13         9.6678283691E-08    1.6282493776E-17
          14         3.8131603280E-08    6.4220998694E-18
          15         4.5353305802E-19    7.6383743199E-29
step       72 0.720000E+05
nlit      1
           1         3.7761110436E+07    5.4447844685E-03
           2         3.6449376520E+07    5.2556452093E-03
           3         7.8364483700E-04    1.1299395563E-13
           4         1.3416902813E-04    1.9345867535E-14
           5         5.6309196501E-05    8.1192378879E-15
           6         2.9786331295E-05    4.2948989617E-15
           7         1.3109318401E-05    1.8902360762E-15
           8         4.2578647151E-05    6.1394263574E-15
           9         3.1567919512E-05    4.5517866364E-15
          10         1.6209387725E-06    2.3372358893E-16
          11         7.5979573983E-09    1.0955514803E-18
          12         2.5659708791E-08    3.6998801751E-18
          13         7.2335043569E-08    1.0430009001E-17
          14         1.2288047509E-08    1.7718168097E-18
          15         4.7337114539E-19    6.8255510244E-29
step       73 0.730000E+05
nlit      1
           1         4.0810581561E+07    5.0379362350E-03
           2         3.9392916048E+07    4.8629299455E-03
           3         1.1921809012E-03    1.4717093291E-13
           4         3.3321579007E-04    4.1134427364E-14
           5         7.0673615945E-05    8.7244326597E-15
           6         9.4497952549E-05    1.1665471088E-14
           7         3.2376967304E-05    3.9968334320E-15
           8         9.7672048061E-06    1.2057303064E-15
           9         2.6259798332E-05    3.2416884172E-15
          10         4.0001614144E-06    4.9380717855E-16
          11         2.0145560364E-08    2.4869052254E-18
          12         1.7700310221E-08    2.1850468880E-18
          13         1.4959722348E-07    1.8467300490E-17
          14         2.0341260288E-08    2.5110637573E-18
          15         1.8308173473E-16    2.2600856692E-26
step       74 0.740000E+05
nlit      1
           1         4.4106318593E+07    4.6614887431E-03
           2         4.2574166775E+07    4.4995593715E-03
           3         9.9632460623E-04    1.0529910645E-13
           4         1.1411695961E-03    1.2060741852E-13
           5         7.0496169610E-05    7.4505674369E-15
           6         4.9963773056E-05    5.2805487535E-15
           7         2.1899298177E-05    2.3144831668E-15
           8         4.9219454898E-06    5.2018835911E-16
           9         8.2768378599E-06    8.7475871357E-16
          10         4.1786413963E-06    4.4163037070E-16
          11         1.6022765903E-08    1.6934068694E-18
          12         8.8342721909E-09    9.3367258219E-19
          13         6.4171611009E-09    6.7821403348E-19
          14         2.8629451041E-09    3.0257765328E-19
          15         9.9284606506E-18    1.0493146795E-27
step       75 0.750000E+05
nlit      1
           1         4.7668209208E+07    4.3131703713E-03
           2         4.6012325522E+07    4.1633407768E-03
           3         4.9119336525E-04    4.4444729617E-14
           4         6.3036838502E-04    5.7037725696E-14
           5         1.2905703186E-04    1.1677488525E-14
           6         1.0151885061E-04    9.1857467657E-15
           7         7.0612283622E-04    6.3892228096E-14
           8         3.6975451697E-06    3.3456558442E-16
           9         2.0964565463E-05    1.8969402061E-15
          10         2.4251375798E-06    2.1943412034E-16
          11         6.6494225738E-08    6.0166079044E-18
          12         9.7777300761E-09    8.8471994990E-19
          13         1.5628409305E-07    1.4141079156E-17
          14         2.3685895252E-08    2.1431747346E-18
          15         4.6079413214E-16    4.1694110834E-26
step       76 0.760000E+05
nlit      1
           1         5.1517747157E+07    3.9908792401E-03
           2         4.9728139399E+07    3.8522452966E-03
           3         6.5575478446E-04    5.0798769362E-14
           4         2.2230400328E-04    1.7221025387E-14
           5         3.3429219018E-04    2.5896314096E-14
           6         3.6335343315E-05    2.8147575413E-15
           7         1.1078718129E-05    8.5822514821E-16
           8         5.0988854313E-05    3.9499079712E-15
           9         1.0721528216E-05    8.3055503669E-16
          10         2.2290914507E-05    1.7267903365E-15
          11         6.8223407101E-09    5.2850016570E-19
          12         1.9236053880E-07    1.4901421807E-17
          13         1.8314578660E-08    1.4187590840E-18
          14         2.1315858958E-08    1.6512565804E-18
          15         7.4119338749E-18    5.7417365205E-28
step       77 0.770000E+05
nlit      1
           1         5.5678161946E+07    3.6926705271E-03
           2         5.3744030969E+07    3.5643956667E-03
           3         1.7575276313E-03    1.1656222580E-13
           4         7.0487842331E-04    4.6748737530E-14
           5         2.5565215062E-04    1.6955286037E-14
           6         4.8347318120E-05    3.2064764792E-15
           7         2.6648535867E-05    1.7673762845E-15
           8         8.6478613255E-05    5.7354089149E-15
           9         9.6537900451E-06    6.4025579740E-16
          10         1.4308805664E-05    9.4898436131E-16
          11         5.9923819022E-09    3.9742497353E-19
          12         9.4320546226E-08    6.2554992653E-18
          13         5.3047566484E-08    3.5182049558E-18
          14         2.9750990386E-08    1.9731363521E-18
          15         1.6776982309E-18    1.1126780400E-28
step       78 0.780000E+05
nlit      1
           1         6.0174559035E+07    3.4167447324E-03
           2         5.8084233589E+07    3.2980548979E-03
           3         8.3825920059E-04    4.7596820882E-14
           4         5.8861880089E-04    3.3422100961E-14
           5         1.4945323556E-04    8.4860373477E-15
           6         4.5983443482E-05    2.6109653451E-15
           7         1.3613974870E-04    7.7300902029E-15
           8         2.3172305793E-05    1.3157363349E-15
           9         2.7630185121E-05    1.5688571879E-15
          10         1.6046097018E-05    9.1110626054E-16
          11         1.6205654480E-08    9.2016602148E-19
          12         1.6112578413E-08    9.1488111089E-19
          13         1.0616961563E-07    6.0283694764E-18
          14         1.2214449222E-08    6.9354318016E-19
          15         3.7134668184E-18    2.1085269912E-28
step       79 0.790000E+05
nlit      1
           1         6.5034071324E+07    3.1614368196E-03
           2         6.2774937626E+07    3.0516157934E-03
           3         1.3487565318E-03    6.5565763815E-14
           4         2.5352411726E-03    1.2324316511E-13
           5         1.6289395078E-04    7.9186020992E-15
           6         5.7423859940E-05    2.7914891601E-15
           7         1.8184626993E-04    8.8399123962E-15
           8         8.0407719723E-05    3.9087807443E-15
           9         2.2490364284E-05    1.0933017769E-15
          10         8.5910944544E-06    4.1763035554E-16
          11         9.0367208357E-09    4.3929314892E-19
          12         7.1181658585E-08    3.4602833830E-18
          13         1.1350103205E-07    5.5175131200E-18
          14         4.2222810954E-08    2.0525356396E-18
          15         3.5624756413E-18    1.7317909570E-28
step       80 0.800000E+05
nlit      1
           1         7.0286022875E+07    2.9252061675E-03
           2         6.7844448487E+07    2.8235912494E-03
           3         6.8744609429E-04    2.8610546914E-14
           4         2.9056584648E-03    1.2092944962E-13
           5         1.2307154582E-04    5.1220659548E-15
           6         6.7388631831E-05    2.8046207964E-15
           7         1.2078652700E-04    5.0269666610E-15
           8         1.2405327511E-03    5.1629241579E-14
           9         3.3760905229E-05    1.4050817525E-15
          10         1.8155485764E-05    7.5560597625E-16
          11         3.6843148027E-08    1.5333603956E-18
          12         1.5584095995E-08    6.4858832317E-19
          13         5.3463376060E-09    2.2250710879E-19
          14         3.4563940189E-09    1.4385029467E-19
          15         3.4904088754E-16    1.4526594552E-26
step       81 0.810000E+05
nlit      1
           1         7.5962105882E+07    2.7066272746E-03
           2         7.3323357458E+07    2.6126052833E-03
           3         2.5340567623E-03    9.0291693056E-14
           4         3.4071442371E-04    1.2140091976E-14
           5         1.8664306052E-04    6.6503316667E-15
           6         9.2992245138E-05    3.3134329821E-15
           7         5.7036911274E-04    2.0322983140E-14
           8         4.2524011791E-04    1.5151850887E-14
           9         4.8753081507E-05    1.7371348332E-15
          10         2.2316240111E-05    7.9515626181E-16
          11         8.9397562413E-08    3.1853498254E-18
          12         4.9344226604E-08    1.7581980913E-18
          13         5.9581450282E-08    2.1229635029E-18
          14         4.4855236094E-08    1.5982496011E-18
          15         3.0433416740E-17    1.0843816776E-27
step       82 0.820000E+05
nlit      1
           1         8.2096571892E+07    2.5043811561E-03
           2         7.9244726265E+07    2.4173847287E-03
           3         1.5951803575E-03    4.8661467049E-14
           4         1.1466024441E-03    3.4977459940E-14
           5         1.5882004601E-04    4.8448543131E-15
           6         5.8202197267E-05    1.7754759147E-15
           7         2.9633288816E-05    9.0397258245E-16
           8         8.2718094602E-05    2.5233408973E-15
           9         3.9657106637E-05    1.2097522257E-15
          10         1.6207945157E-05    4.9442834816E-16
          11         2.9893371914E-09    9.1190649728E-20
          12         1.1579958654E-07    3.5325019758E-18
          13         6.8301102499E-08    2.0835461225E-18
          14         2.9715910823E-08    9.0649299215E-19
          15         1.1984423821E-16    3.6558853180E-27
step       83 0.830000E+05
nlit      1
           1         8.8726438505E+07    2.3172473851E-03
           2         8.5644286596E+07    2.2367515536E-03
           3         4.4258251355E-03    1.1558822709E-13
           4         1.1952006012E-03    3.1214771093E-14
           5         3.2297370196E-04    8.4350276981E-15
           6         1.5530402698E-03    4.0560384985E-14
           7         1.4396602086E-03    3.7599264776E-14
           8         9.6936213813E-06    2.5316601429E-16
           9         1.3641870064E-05    3.5628149024E-16
          10         1.1552149027E-05    3.0170474074E-16
          11         1.8621192003E-07    4.8632526228E-18
          12         2.1587538477E-08    5.6379663074E-19
          13         1.5425358074E-07    4.0286042429E-18
          14         7.9474045337E-08    2.0756048236E-18
          15         1.8419721935E-15    4.8106351622E-26
step       84 0.840000E+05
nlit      1
           1         9.5891712750E+07    2.1440967286E-03
           2         9.2560655730E+07    2.0696157515E-03
           3         2.5918380885E-03    5.7952365300E-14
           4         1.7351556110E-02    3.8797320044E-13
           5         3.8634137580E-04    8.6384240746E-15
           6         3.0021696843E-04    6.7127200195E-15
           7         1.4999630002E-04    3.3538516202E-15
           8         3.2930085554E-05    7.3630230062E-16
           9         1.7477777899E-05    3.9079546440E-16
          10         1.1359948647E-05    2.5400347990E-16
          11         1.8901977354E-07    4.2263994089E-18
          12         1.0382970793E-08    2.3215868265E-19
          13         1.0462426441E-08    2.3393527618E-19
          14         8.9257407112E-09    1.9957565581E-19
          15         8.7020420503E-16    1.9457385166E-26
step       85 0.850000E+05
nlit      1
           1         1.0363563251E+08    1.9838843325E-03
           2         1.0003556957E+08    1.9149687647E-03
           3         3.6142811073E-03    6.9187744490E-14
           4         1.1915257798E-03    2.2809233361E-14
           5         5.0942557175E-04    9.7518718794E-15
           6         2.4248080242E-04    4.6417805652E-15
           7         1.3941196943E-04    2.6687464073E-15
           8         1.4833144468E-02    2.8394908392E-13
           9         8.8974678420E-05    1.7032314681E-15
          10         7.7127860392E-04    1.4764492687E-14
          11         2.0499660260E-07    3.9242250785E-18
          12         2.0479747092E-08    3.9204131250E-19
          13         6.3699266372E-08    1.2193873235E-18
          14         1.0979702220E-07    2.1018310674E-18
          15         2.6060414727E-14    4.9887135557E-25
step       86 0.860000E+05
nlit      1
           1         1.1200492740E+08    1.8356434167E-03
           2         1.0811413446E+08    1.7718773966E-03
           3         6.3966385860E-03    1.0483420490E-13
           4         9.3025406988E-04    1.5245889612E-14
           5         3.8826615569E-04    6.3632755196E-15
           6         1.7688934692E-04    2.8990310756E-15
           7         1.2696518329E-04    2.0808263374E-15
           8         7.2609987280E-05    1.1900016207E-15
           9         4.8128091438E-05    7.8876899663E-16
          10         5.3639520274E-05    8.7909554113E-16
          11         4.3871298037E-08    7.1900461247E-19
          12         3.0612296181E-07    5.0170346302E-18
          13         2.2244154911E-07    3.6455839461E-18
          14         1.3344264594E-07    2.1869851640E-18
          15         5.3634493208E-17    8.7901315279E-28
step       87 0.870000E+05
nlit      1
           1         1.2105010080E+08    1.6984794415E-03
           2         1.1684509939E+08    1.6394781816E-03
           3         1.8643289384E-03    2.6158791716E-14
           4         2.4762596337E-03    3.4744920093E-14
           5         7.6724183886E-04    1.0765331721E-14
           6         3.5069915821E-04    4.9207336996E-15
           7         1.7679144172E-04    2.4805979276E-15
           8         6.7853185529E-04    9.5206232706E-15
           9         7.7628970393E-05    1.0892284220E-15
          10         1.2938622834E-04    1.8154454014E-15
          11         2.4754145355E-07    3.4733062342E-18
          12         2.4538764671E-08    3.4430857172E-19
          13         5.0504093143E-08    7.0863356037E-19
          14         5.6317688356E-08    7.9020533837E-19
          15         1.7875015883E-17    2.5080810997E-28
step       88 0.880000E+05
nlit      1
           1         1.3082573459E+08    1.5715647098E-03
           2         1.2628115020E+08    1.5169721751E-03
           3         2.9523232436E-03    3.5465247231E-14
           4         8.9667281052E-04    1.0771423143E-14
           5         6.5910101207E-04    7.9175545543E-15
           6         3.7167369829E-04    4.4647887482E-15
           7         5.6700439966E-04    6.8112295150E-15
           8         1.6871879588E-04    2.0267610673E-15
           9         6.9505132231E-05    8.3494133094E-16
          10         3.7151952973E-05    4.4629367741E-16
          11         1.2004222900E-07    1.4420261531E-18
          12         1.0559246604E-07    1.2684461033E-18
          13         7.7558483267E-07    9.3168347669E-18
          14         1.5438013096E-07    1.8545156002E-18
          15         2.7115262125E-17    3.2572635028E-28
step       89 0.890000E+05
nlit      1
           1         1.4139081850E+08    1.4541333717E-03
           2         1.3647922745E+08    1.4036201309E-03
           3         1.4240404588E-02    1.4645539051E-13
           4         4.4139903165E-03    4.5395667765E-14
           5         2.5073484464E-03    2.5786816210E-14
           6         5.4901918712E-04    5.6463858840E-15
           7         3.8522010165E-04    3.9617947700E-15
           8         8.3840533906E-04    8.6225767379E-15
           9         6.1635049706E-05    6.3388545024E-16
          10         6.7295523459E-05    6.9210057249E-16
          11         5.9819887653E-07    6.1521742254E-18
          12         1.2085271546E-08    1.2429093238E-19
          13         1.9978811853E-07    2.0547201969E-18
          14         4.8335872140E-08    4.9711010570E-19
          15         2.6503739357E-16    2.7257761348E-27
step       90 0.900000E+05
nlit      1
           1         1.5280910607E+08    1.3454768037E-03
           2         1.4750087003E+08    1.2987380416E-03
           3         3.6334548053E-03    3.1992394194E-14
           4         1.4880624643E-03    1.3102318178E-14
           5         8.1361712730E-02    7.1638595371E-13
           6         1.9591832493E-03    1.7250513951E-14
           7         4.5032085251E-04    3.9650533719E-15
           8         6.8210596252E-05    6.0059100786E-16
           9         1.0924805575E-04    9.6192385805E-16
          10         6.9086884818E-05    6.0830668639E-16
          11         2.8251906620E-07    2.4875667423E-18
          12         3.4715031007E-08    3.0566417252E-19
          13         2.4161165246E-07    2.1273789386E-18
          14         2.3784012852E-07    2.0941708524E-18
          15         5.0490408941E-14    4.4456561384E-25
step       91 0.910000E+05
nlit      1
           1         1.6514949943E+08    1.2449393327E-03
           2         1.5941258658E+08    1.2016930105E-03
           3         6.6274737155E-03    4.9959598626E-14
           4         2.3242722639E-03    1.7520961136E-14
           5         1.1232334022E-03    8.4672218022E-15
           6         2.4393921148E-03    1.8388764132E-14
           7         2.1774125113E-04    1.6413894612E-15
           8         1.2382758850E-04    9.3344415776E-16
           9         1.9580195598E-04    1.4760054209E-15
          10         8.0744160372E-05    6.0867021383E-16
          11         2.9846597981E-07    2.2499131939E-18
          12         1.7411527985E-08    1.3125256877E-19
          13         1.4584645568E-07    1.0994280324E-18
          14         5.5380564734E-08    4.1747291722E-19
          15         1.6617833049E-15    1.2526949254E-26
step       92 0.920000E+05
nlit      1
           1         1.7848646500E+08    1.1519142789E-03
           2         1.7228625672E+08    1.1118994326E-03
           3         6.3307877379E-03    4.0857578706E-14
           4         5.1005590963E-03    3.2917940602E-14
           5         1.7981441616E-03    1.1604845977E-14
           6         4.4861440178E-04    2.8952634314E-15
           7         2.0158913761E-04    1.3010140914E-15
           8         4.1574471750E-04    2.6831293704E-15
           9         3.0203062715E-04    1.9492424374E-15
          10         3.7764816627E-04    2.4372622042E-15
          11         4.5961728823E-07    2.9662737571E-18
          12         6.4526226977E-08    4.1643876031E-19
          13         2.7078765604E-07    1.7476068425E-18
          14         2.6385129911E-07    1.7028410470E-18
          15         4.5999207067E-17    2.9686925245E-28
step       93 0.930000E+05
nlit      1
           1         1.9290048289E+08    1.0658402952E-03
           2         1.8619956487E+08    1.0288154608E-03
           3         1.1473861480E-02    6.3396958493E-14
           4         3.5884006386E-03    1.9827125048E-14
           5         1.2265128728E-03    6.7768977189E-15
           6         3.9052551075E-04    2.1577852965E-15
           7         2.2595789797E-04    1.2484936745E-15
           8         2.9695297357E-04    1.6407654366E-15
           9         5.3265267877E-04    2.9430858850E-15
          10         9.7186865405E-04    5.3699024370E-15
          11         2.1109439849E-07    1.1663678216E-18
          12         3.5351941249E-08    1.9533141096E-19
          13         1.4924568288E-07    8.2463278641E-19
          14         1.4712626856E-07    8.1292230671E-19
          15         3.4607632984E-17    1.9121885650E-28
step       94 0.940000E+05
nlit      1
           1         2.0847853250E+08    9.8619797989E-04
           2         2.0123646894E+08    9.5193973579E-04
           3         1.6778372065E-02    7.9369306937E-14
           4         1.5489677861E-02    7.3273199077E-14
           5         2.9322341071E-03    1.3870796759E-14
           6         9.2846851771E-04    4.3920770430E-15
           7         6.6172172258E-04    3.1302437628E-15
           8         4.2273061825E-03    1.9997074842E-14
           9         4.5473725221E-04    2.1511133742E-15
          10         3.3125996034E-04    1.5670098009E-15
          11         4.0375773121E-07    1.9099571265E-18
          12         3.8268268159E-08    1.8102625867E-19
          13         3.0232444295E-07    1.4301316847E-18
          14         1.0721958078E-07    5.0719722888E-19
          15         1.0557764295E-16    4.9943011852E-28
step       95 0.950000E+05
nlit      1
           1         2.2531461750E+08    9.1250674228E-04
           2         2.1748770714E+08    8.8080836182E-04
           3         2.9327259906E-02    1.1877313018E-13
           4         1.0086722916E-02    4.0850446235E-14
           5         2.5917588380E-03    1.0496422470E-14
           6         4.5524016752E-03    1.8436874040E-14
           7         6.1998298225E-03    2.5108830385E-14
           8         2.6660625291E-04    1.0797346662E-15
           9         1.0621872527E-04    4.3017760695E-16
          10         1.3360025719E-04    5.4107068956E-16
          11         2.3515248339E-07    9.5234933685E-19
          12         3.2193629396E-08    1.3038170452E-19
          13         8.6555752534E-08    3.5054409096E-19
          14         3.2758389454E-07    1.3266893899E-18
          15         7.8202006530E-16    3.1671206693E-27
step       96 0.960000E+05
nlit      1
           1         2.4351033295E+08    8.4432190267E-04
           2         2.3505134543E+08    8.1499210646E-04
           3         1.3771764103E-02    4.7750754268E-14
           4         9.8347434870E-03    3.4099946530E-14
           5         1.2821201009E-03    4.4454872610E-15
           6         9.4385761324E-04    3.2726317861E-15
           7         5.4200521512E-04    1.8792913998E-15
           8         3.2587673874E-04    1.1299104426E-15
           9         2.3312390413E-04    8.0830910091E-16
          10         3.6559154682E-04    1.2676133562E-15
          11         5.5759587262E-07    1.9333487921E-18
          12         7.6993676667E-08    2.6695970881E-19
          13         1.8936804689E-07    6.5659468211E-19
          14         3.3069545718E-07    1.1466183559E-18
          15         1.7622361728E-16    6.1101908092E-28
step       97 0.970000E+05
nlit      1
           1         2.6317547838E+08    7.8123200869E-04
           2         2.5403336902E+08    7.5409380987E-04
           3         1.9322180654E-02    5.7357570308E-14
           4         5.7815679797E-03    1.7162487911E-14
           5         2.0350129875E-03    6.0409020388E-15
           6         1.4271120248E-03    4.2363581920E-15
           7         4.8343103376E-04    1.4350569434E-15
           8         4.3176165940E-04    1.2816772692E-15
           9         5.2369521827E-03    1.5545805021E-14
          10         2.1054775786E-04    6.2500749999E-16
          11         1.0630902316E-06    3.1557655835E-18
          12         8.4967575198E-09    2.5222482678E-20
          13         4.1357241656E-08    1.2276828059E-19
          14         1.5929509779E-08    4.7286483523E-20
          15         1.1582122856E-15    3.4381338106E-27
step       98 0.980000E+05
nlit      1
           1         2.8442872047E+08    7.2285635314E-04
           2         2.7454832249E+08    6.9774599002E-04
           3         1.5213835480E-02    3.8664933745E-14
           4         1.3129519637E-02    3.3367786022E-14
           5         4.3603306775E-03    1.1081485466E-14
           6         3.3098395429E-03    8.4117333070E-15
           7         1.6150586334E-03    4.1045622675E-15
           8         3.4127918811E-04    8.6733797105E-16
           9         1.3045041217E-03    3.3153089832E-15
          10         2.2509552069E-04    5.7206503945E-16
          11         1.8883730132E-06    4.7991722757E-18
          12         1.9618199539E-08    4.9858327072E-20
          13         2.6312211553E-06    6.6870705794E-18
          14         2.3229552608E-07    5.9036336609E-19
          15         3.2759730931E-16    8.3256640157E-28
step       99 0.990000E+05
nlit      1
           1         3.0739830904E+08    6.6884267604E-04
           2         2.9672000049E+08    6.4560862350E-04
           3         4.3356948171E-02    9.4336814443E-14
           4         1.4124327063E-02    3.0731960562E-14
           5         6.1455723387E-02    1.3371644957E-13
           6         2.1409271696E-03    4.6582671902E-15
           7         1.6526013379E-03    3.5957592113E-15
           8         2.7141646823E-03    5.9055275061E-15
           9         1.0341797605E-03    2.2501866087E-15
          10         6.3328941342E-04    1.3779223032E-15
          11         7.1150207386E-07    1.5480987927E-18
          12         2.8616478455E-08    6.2264239802E-20
          13         2.4268267221E-08    5.2803324917E-20
          14         2.4990686786E-08    5.4375178181E-20
          15         1.2902377944E-14    2.8073222063E-26
step      100 0.100000E+06
nlit      1
           1         3.3222285091E+08    6.1886503914E-04
           2         3.2068219504E+08    5.9736709454E-04
           3         5.6206757916E-02    1.0470200151E-13
           4         1.6266266625E-02    3.0300816768E-14
           5         8.2442182030E-03    1.5357337423E-14
           6         1.8977154498E-03    3.5350661248E-15
           7         1.8927314767E-03    3.5257819750E-15
           8         3.7070398451E-03    6.9054773100E-15
           9         1.8484304194E-04    3.4432579237E-16
          10         1.5991082664E-04    2.9788203826E-16
          11         2.2350480186E-06    4.1634495513E-18
          12         6.0572702999E-08    1.1283488812E-19
          13         9.6375383611E-07    1.7952815524E-18
          14         2.7514287742E-07    5.1253641083E-19
          15         6.6129043262E-16    1.2318524399E-27
