Non-linear control flop.
step        1 0.100000E+04
      1    0.1000000000E+01    0.1500000000E+01
      2    0.5130118735E-14    0.7695178103E-14
step        2 0.200000E+04
      1    0.1000000000E+01    0.8949247842E-02
      2    0.4431782331E-12    0.3966111846E-14
step        3 0.300000E+04
      1    0.1000000000E+01    0.4036856509E-02
      2    0.1807099561E-12    0.7295001626E-15
step        4 0.400000E+04
      1    0.1000000000E+01    0.2852865014E-02
      2    0.4468473553E-12    0.1274795186E-14
step        5 0.500000E+04
      1    0.1000000000E+01    0.2342024560E-02
      2    0.4122048864E-11    0.9653939676E-14
step        6 0.600000E+04
      1    0.1000000000E+01    0.2080817917E-02
      2    0.2918322854E-12    0.6072498481E-15
step        7 0.700000E+04
      1    0.1000000000E+01    0.1892545245E-02
      2    0.7996481916E-12    0.1513370382E-14
step        8 0.800000E+04
      1    0.1000000000E+01    0.1740017017E-02
      2    0.5000436674E-12    0.8700844904E-15
step        9 0.900000E+04
      1    0.1000000000E+01    0.1605106708E-02
      2    0.4525988279E-12    0.7264694149E-15
step       10 0.100000E+05
      1    0.1000000000E+01    0.1483162614E-02
      2    0.3848767830E-12    0.5708348557E-15
step       11 0.110000E+05
      1    0.1000000000E+01    0.1371405351E-02
      2    0.1268679549E-12    0.1739873922E-15
step       12 0.120000E+05
      1    0.1000000000E+01    0.1268513207E-02
      2    0.4943163035E-12    0.6270467594E-15
step       13 0.130000E+05
      1    0.1000000000E+01    0.1173531051E-02
      2    0.3363364460E-12    0.3947012629E-15
step       14 0.140000E+05
      1    0.1000000000E+01    0.1085751533E-02
      2    0.4391549702E-12    0.4768131822E-15
step       15 0.150000E+05
      1    0.1000000000E+01    0.1004579074E-02
      2    0.3620005870E-12    0.3636582146E-15
step       16 0.160000E+05
      1    0.1000000000E+01    0.9294946346E-03
      2    0.5873167952E-12    0.5459078100E-15
step       17 0.170000E+05
      1    0.1000000000E+01    0.8600311786E-03
      2    0.3915915069E-12    0.3367809052E-15
step       18 0.180000E+05
      1    0.1000000000E+01    0.7957631307E-03
      2    0.3925226799E-12    0.3123550766E-15
step       19 0.190000E+05
      1    0.1000000000E+01    0.7362996515E-03
      2    0.2464906102E-12    0.1814909504E-15
step       20 0.200000E+05
      1    0.1000000000E+01    0.6812805114E-03
      2    0.2990697438E-12    0.2037503880E-15
step       21 0.210000E+05
      1    0.1000000000E+01    0.6303730451E-03
      2    0.6713872883E-12    0.4232244493E-15
step       22 0.220000E+05
      1    0.1000000000E+01    0.5832697505E-03
      2    0.3787474260E-12    0.2209119166E-15
step       23 0.230000E+05
      1    0.1000000000E+01    0.5396862447E-03
      2    0.1437263467E-12    0.7756713234E-16
step       24 0.240000E+05
      1    0.1000000000E+01    0.4993594616E-03
      2    0.2770445311E-12    0.1383448079E-15
step       25 0.250000E+05
      1    0.1000000000E+01    0.4620460232E-03
      2    0.2958505077E-12    0.1366965505E-15
step       26 0.260000E+05
      1    0.1000000000E+01    0.4275207516E-03
      2    0.2591339351E-12    0.1107851347E-15
step       27 0.270000E+05
      1    0.1000000000E+01    0.3955753020E-03
      2    0.3173837038E-12    0.1255491545E-15
step       28 0.280000E+05
      1    0.1000000000E+01    0.3660169006E-03
      2    0.4950693525E-12    0.1812037500E-15
step       29 0.290000E+05
      1    0.1000000000E+01    0.3386671798E-03
      2    0.3954543186E-12    0.1339273988E-15
step       30 0.300000E+05
      1    0.1000000000E+01    0.3133611007E-03
      2    0.3750757134E-12    0.1175341384E-15
step       31 0.310000E+05
      1    0.1000000000E+01    0.2899459569E-03
      2    0.3450437829E-12    0.1000440498E-15
step       32 0.320000E+05
      1    0.1000000000E+01    0.2682804527E-03
      2    0.2655876486E-12    0.7125197459E-16
step       33 0.330000E+05
      1    0.1000000000E+01    0.2482338504E-03
      2    0.3183338252E-12    0.7902123116E-16
step       34 0.340000E+05
      1    0.1000000000E+01    0.2296851817E-03
      2    0.3452865546E-12    0.7930720501E-16
step       35 0.350000E+05
      1    0.1000000000E+01    0.2125225169E-03
      2    0.3937348510E-12    0.8367752153E-16
step       36 0.360000E+05
      1    0.1000000000E+01    0.1966422904E-03
      2    0.2964391316E-12    0.5829246980E-16
step       37 0.370000E+05
      1    0.1000000000E+01    0.1819486751E-03
      2    0.2484040406E-12    0.4519678607E-16
step       38 0.380000E+05
      1    0.1000000000E+01    0.1683530043E-03
      2    0.3422511676E-12    0.5761901229E-16
step       39 0.390000E+05
      1    0.1000000000E+01    0.1557732369E-03
      2    0.6273411004E-12    0.9772295384E-16
step       40 0.400000E+05
      1    0.1000000000E+01    0.1441334619E-03
      2    0.3694901382E-12    0.5325589275E-16
step       41 0.410000E+05
      1    0.1000000000E+01    0.1333634406E-03
      2    0.3420178765E-12    0.4561268076E-16
step       42 0.420000E+05
      1    0.1000000000E+01    0.1233981829E-03
      2    0.3300612059E-12    0.4072895307E-16
step       43 0.430000E+05
      1    0.1000000000E+01    0.1141775548E-03
      2    0.3759679324E-12    0.4292709921E-16
step       44 0.440000E+05
      1    0.1000000000E+01    0.1056459157E-03
      2    0.6404432421E-12    0.6766021274E-16
step       45 0.450000E+05
      1    0.1000000000E+01    0.9775178240E-04
      2    0.3793379810E-12    0.3708096378E-16
step       46 0.460000E+05
      1    0.1000000000E+01    0.9044751898E-04
      2    0.2662626827E-12    0.2408279905E-16
step       47 0.470000E+05
      1    0.1000000000E+01    0.8368904883E-04
      2    0.1708852222E-12    0.1430122171E-16
step       48 0.480000E+05
      1    0.1000000000E+01    0.7743558887E-04
      2    0.1360018399E-12    0.1053138256E-16
step       49 0.490000E+05
      1    0.1000000000E+01    0.7164940344E-04
      2    0.2697846205E-12    0.1932990711E-16
step       50 0.500000E+05
      1    0.1000000000E+01    0.6629557660E-04
      2    0.4997794189E-12    0.3313316475E-16
step       51 0.510000E+05
      1    0.1000000000E+01    0.6134180141E-04
      2    0.2192378650E-12    0.1344844557E-16
step       52 0.520000E+05
      1    0.1000000000E+01    0.5675818498E-04
      2    0.6784922691E-12    0.3850998972E-16
step       53 0.530000E+05
      1    0.1000000000E+01    0.5251706811E-04
      2    0.1940935313E-12    0.1019322320E-16
step       54 0.540000E+05
      1    0.1000000000E+01    0.4859285834E-04
      2    0.3246585185E-12    0.1577608540E-16
step       55 0.550000E+05
      1    0.1000000000E+01    0.4496187557E-04
      2    0.3712922178E-12    0.1669399450E-16
step       56 0.560000E+05
      1    0.1000000000E+01    0.4160220913E-04
      2    0.4333784749E-12    0.1802950195E-16
step       57 0.570000E+05
      1    0.1000000000E+01    0.3849358557E-04
      2    0.4050978130E-12    0.1559366733E-16
step       58 0.580000E+05
      1    0.1000000000E+01    0.3561724632E-04
      2    0.1814054408E-12    0.6461162269E-17
step       59 0.590000E+05
      1    0.1000000000E+01    0.3295583450E-04
      2    0.2477331335E-12    0.8164252148E-17
step       60 0.600000E+05
      1    0.1000000000E+01    0.3049329018E-04
      2    0.3214316534E-12    0.9801508681E-17
step       61 0.610000E+05
      1    0.1000000000E+01    0.2821475348E-04
      2    0.2723977876E-12    0.7685636425E-17
step       62 0.620000E+05
      1    0.1000000000E+01    0.2610647487E-04
      2    0.3120377798E-12    0.8146206457E-17
step       63 0.630000E+05
      1    0.1000000000E+01    0.2415573224E-04
      2    0.4014328666E-12    0.9696904839E-17
step       64 0.640000E+05
      1    0.1000000000E+01    0.2235075409E-04
      2    0.4058982750E-12    0.9072132532E-17
step       65 0.650000E+05
      1    0.1000000000E+01    0.2068064853E-04
      2    0.3196425378E-12    0.6610414981E-17
step       66 0.660000E+05
      1    0.1000000000E+01    0.1913533753E-04
      2    0.2768133036E-12    0.5296915998E-17
step       67 0.670000E+05
      1    0.1000000000E+01    0.1770549613E-04
      2    0.3393032533E-12    0.6007532437E-17
step       68 0.680000E+05
      1    0.1000000000E+01    0.1638249613E-04
      2    0.2680267223E-12    0.4390946741E-17
step       69 0.690000E+05
      1    0.1000000000E+01    0.1515835409E-04
      2    0.2650963480E-12    0.4018424310E-17
step       70 0.700000E+05
      1    0.1000000000E+01    0.1402568307E-04
      2    0.3127824605E-12    0.4386987660E-17
step       71 0.710000E+05
      1    0.1000000000E+01    0.1297764812E-04
      2    0.2777720697E-12    0.3604828179E-17
step       72 0.720000E+05
      1    0.1000000000E+01    0.1200792503E-04
      2    0.3375811386E-12    0.4053649006E-17
step       73 0.730000E+05
      1    0.1000000000E+01    0.1111066214E-04
      2    0.2941329511E-12    0.3268011843E-17
step       74 0.740000E+05
      1    0.1000000000E+01    0.1028044502E-04
      2    0.4035424081E-12    0.4148595540E-17
step       75 0.750000E+05
      1    0.1000000000E+01    0.9512263851E-05
      2    0.3683590444E-12    0.3503928422E-17
step       76 0.760000E+05
      1    0.1000000000E+01    0.8801483146E-05
      2    0.3573982864E-12    0.3145634994E-17
step       77 0.770000E+05
      1    0.1000000000E+01    0.8143813795E-05
      2    0.4468781710E-12    0.3639292614E-17
step       78 0.780000E+05
      1    0.1000000000E+01    0.7535287181E-05
      2    0.2234444118E-12    0.1683717812E-17
step       79 0.790000E+05
      1    0.1000000000E+01    0.6972231233E-05
      2    0.3012184563E-12    0.2100164729E-17
step       80 0.800000E+05
      1    0.1000000000E+01    0.6451248268E-05
      2    0.2121291724E-12    0.1368497956E-17
step       81 0.810000E+05
      1    0.1000000000E+01    0.5969194483E-05
      2    0.2042675320E-12    0.1219312625E-17
step       82 0.820000E+05
      1    0.1000000000E+01    0.5523160990E-05
      2    0.5518006221E-12    0.3047683670E-17
step       83 0.830000E+05
      1    0.1000000000E+01    0.5110456263E-05
      2    0.4772119591E-12    0.2438770845E-17
step       84 0.840000E+05
      1    0.1000000000E+01    0.4728589889E-05
      2    0.2917607454E-12    0.1379616911E-17
step       85 0.850000E+05
      1    0.1000000000E+01    0.4375257548E-05
      2    0.2289826115E-12    0.1001857899E-17
step       86 0.860000E+05
      1    0.1000000000E+01    0.4048327103E-05
      2    0.3343835995E-12    0.1353694189E-17
step       87 0.870000E+05
      1    0.1000000000E+01    0.3745825739E-05
      2    0.2507443728E-12    0.9392447257E-18
step       88 0.880000E+05
      1    0.1000000000E+01    0.3465928051E-05
      2    0.2143618878E-12    0.7429628800E-18
step       89 0.890000E+05
      1    0.1000000000E+01    0.3206945035E-05
      2    0.4596325461E-12    0.1474016312E-17
step       90 0.900000E+05
      1    0.1000000000E+01    0.2967313892E-05
      2    0.3608592485E-12    0.1070782661E-17
step       91 0.910000E+05
      1    0.1000000000E+01    0.2745588602E-05
      2    0.3228241587E-12    0.8863423308E-18
step       92 0.920000E+05
      1    0.1000000000E+01    0.2540431194E-05
      2    0.3170510673E-12    0.8054464213E-18
step       93 0.930000E+05
      1    0.1000000000E+01    0.2350603672E-05
      2    0.2600769039E-12    0.6113377252E-18
step       94 0.940000E+05
      1    0.1000000000E+01    0.2174960548E-05
      2    0.2994351216E-12    0.6512595762E-18
step       95 0.950000E+05
      1    0.1000000000E+01    0.2012441928E-05
      2    0.6134994363E-12    0.1234631989E-17
step       96 0.960000E+05
      1    0.1000000000E+01    0.1862067116E-05
      2    0.4122433344E-12    0.7676247567E-18
step       97 0.970000E+05
      1    0.1000000000E+01    0.1722928694E-05
      2    0.1580151891E-12    0.2722489034E-18
step       98 0.980000E+05
      1    0.1000000000E+01    0.1594187052E-05
      2    0.2600079343E-12    0.4145012822E-18
step       99 0.990000E+05
      1    0.1000000000E+01    0.1475065314E-05
      2    0.6076382248E-12    0.8963060690E-18
step      100 0.100000E+06
      1    0.1000000000E+01    0.1364844658E-05
      2    0.2691201354E-12    0.3673071792E-18
