# Variacao DeslocAndPress no tempo no ponto        1
        0  0.0000000000E+00  0.0000000000E+00  0.0000000000E+00
        1  0.1000000000E+04  0.0000000000E+00  0.1500858024E+01
        2  0.2000000000E+04  0.0000000000E+00  0.1496349025E+01
        3  0.3000000000E+04  0.0000000000E+00  0.1474019588E+01
        4  0.4000000000E+04  0.0000000000E+00  0.1416969758E+01
        5  0.5000000000E+04  0.0000000000E+00  0.1332427108E+01
        6  0.6000000000E+04  0.0000000000E+00  0.1243840867E+01
        7  0.7000000000E+04  0.0000000000E+00  0.1155756218E+01
        8  0.8000000000E+04  0.0000000000E+00  0.1071746849E+01
        9  0.9000000000E+04  0.0000000000E+00  0.9927417947E+00
       10  0.1000000000E+05  0.0000000000E+00  0.9190725078E+00
       11  0.1100000000E+05  0.0000000000E+00  0.8506344292E+00
       12  0.1200000000E+05  0.0000000000E+00  0.7871844167E+00
       13  0.1300000000E+05  0.0000000000E+00  0.7284160579E+00
       14  0.1400000000E+05  0.0000000000E+00  0.6740113540E+00
       15  0.1500000000E+05  0.0000000000E+00  0.6236589121E+00
       16  0.1600000000E+05  0.0000000000E+00  0.5770628653E+00
       17  0.1700000000E+05  0.0000000000E+00  0.5339457506E+00
       18  0.1800000000E+05  0.0000000000E+00  0.4940491273E+00
       19  0.1900000000E+05  0.0000000000E+00  0.4571330594E+00
       20  0.2000000000E+05  0.0000000000E+00  0.4229751632E+00
       21  0.2100000000E+05  0.0000000000E+00  0.3913694961E+00
       22  0.2200000000E+05  0.0000000000E+00  0.3621254217E+00
       23  0.2300000000E+05  0.0000000000E+00  0.3350665094E+00
       24  0.2400000000E+05  0.0000000000E+00  0.3100294944E+00
       25  0.2500000000E+05  0.0000000000E+00  0.2868633027E+00
       26  0.2600000000E+05  0.0000000000E+00  0.2654281451E+00
       27  0.2700000000E+05  0.0000000000E+00  0.2455946759E+00
       28  0.2800000000E+05  0.0000000000E+00  0.2272432136E+00
       29  0.2900000000E+05  0.0000000000E+00  0.2102630192E+00
       30  0.3000000000E+05  0.0000000000E+00  0.1945516283E+00
       31  0.3100000000E+05  0.0000000000E+00  0.1800142327E+00
       32  0.3200000000E+05  0.0000000000E+00  0.1665631084E+00
       33  0.3300000000E+05  0.0000000000E+00  0.1541170866E+00
       34  0.3400000000E+05  0.0000000000E+00  0.1426010634E+00
       35  0.3500000000E+05  0.0000000000E+00  0.1319455469E+00
       36  0.3600000000E+05  0.0000000000E+00  0.1220862379E+00
       37  0.3700000000E+05  0.0000000000E+00  0.1129636416E+00
       38  0.3800000000E+05  0.0000000000E+00  0.1045227092E+00
       39  0.3900000000E+05  0.0000000000E+00  0.9671250477E-01
       40  0.4000000000E+05  0.0000000000E+00  0.8948589884E-01
       41  0.4100000000E+05  0.0000000000E+00  0.8279928340E-01
       42  0.4200000000E+05  0.0000000000E+00  0.7661230899E-01
       43  0.4300000000E+05  0.0000000000E+00  0.7088764115E-01
       44  0.4400000000E+05  0.0000000000E+00  0.6559073514E-01
       45  0.4500000000E+05  0.0000000000E+00  0.6068962750E-01
       46  0.4600000000E+05  0.0000000000E+00  0.5615474318E-01
       47  0.4700000000E+05  0.0000000000E+00  0.5195871702E-01
       48  0.4800000000E+05  0.0000000000E+00  0.4807622867E-01
       49  0.4900000000E+05  0.0000000000E+00  0.4448384980E-01
       50  0.5000000000E+05  0.0000000000E+00  0.4115990267E-01
       51  0.5100000000E+05  0.0000000000E+00  0.3808432938E-01
       52  0.5200000000E+05  0.0000000000E+00  0.3523857080E-01
       53  0.5300000000E+05  0.0000000000E+00  0.3260545458E-01
       54  0.5400000000E+05  0.0000000000E+00  0.3016909155E-01
       55  0.5500000000E+05  0.0000000000E+00  0.2791477980E-01
       56  0.5600000000E+05  0.0000000000E+00  0.2582891599E-01
       57  0.5700000000E+05  0.0000000000E+00  0.2389891327E-01
       58  0.5800000000E+05  0.0000000000E+00  0.2211312529E-01
       59  0.5900000000E+05  0.0000000000E+00  0.2046077596E-01
       60  0.6000000000E+05  0.0000000000E+00  0.1893189441E-01
       61  0.6100000000E+05  0.0000000000E+00  0.1751725479E-01
       62  0.6200000000E+05  0.0000000000E+00  0.1620832067E-01
       63  0.6300000000E+05  0.0000000000E+00  0.1499719346E-01
       64  0.6400000000E+05  0.0000000000E+00  0.1387656478E-01
       65  0.6500000000E+05  0.0000000000E+00  0.1283967233E-01
       66  0.6600000000E+05  0.0000000000E+00  0.1188025915E-01
       67  0.6700000000E+05  0.0000000000E+00  0.1099253577E-01
       68  0.6800000000E+05  0.0000000000E+00  0.1017114536E-01
       69  0.6900000000E+05  0.0000000000E+00  0.9411131342E-02
       70  0.7000000000E+05  0.0000000000E+00  0.8707907517E-02
       71  0.7100000000E+05  0.0000000000E+00  0.8057230376E-02
       72  0.7200000000E+05  0.0000000000E+00  0.7455173497E-02
       73  0.7300000000E+05  0.0000000000E+00  0.6898103849E-02
       74  0.7400000000E+05  0.0000000000E+00  0.6382659871E-02
       75  0.7500000000E+05  0.0000000000E+00  0.5905731187E-02
       76  0.7600000000E+05  0.0000000000E+00  0.5464439834E-02
       77  0.7700000000E+05  0.0000000000E+00  0.5056122902E-02
       78  0.7800000000E+05  0.0000000000E+00  0.4678316455E-02
       79  0.7900000000E+05  0.0000000000E+00  0.4328740674E-02
       80  0.8000000000E+05  0.0000000000E+00  0.4005286090E-02
       81  0.8100000000E+05  0.0000000000E+00  0.3706000860E-02
       82  0.8200000000E+05  0.0000000000E+00  0.3429078989E-02
       83  0.8300000000E+05  0.0000000000E+00  0.3172849429E-02
       84  0.8400000000E+05  0.0000000000E+00  0.2935765997E-02
       85  0.8500000000E+05  0.0000000000E+00  0.2716398047E-02
       86  0.8600000000E+05  0.0000000000E+00  0.2513421831E-02
       87  0.8700000000E+05  0.0000000000E+00  0.2325612518E-02
       88  0.8800000000E+05  0.0000000000E+00  0.2151836797E-02
       89  0.8900000000E+05  0.0000000000E+00  0.1991046043E-02
       90  0.9000000000E+05  0.0000000000E+00  0.1842269986E-02
       91  0.9100000000E+05  0.0000000000E+00  0.1704610857E-02
       92  0.9200000000E+05  0.0000000000E+00  0.1577237970E-02
       93  0.9300000000E+05  0.0000000000E+00  0.1459382711E-02
       94  0.9400000000E+05  0.0000000000E+00  0.1350333899E-02
       95  0.9500000000E+05  0.0000000000E+00  0.1249433494E-02
       96  0.9600000000E+05  0.0000000000E+00  0.1156072625E-02
       97  0.9700000000E+05  0.0000000000E+00  0.1069687919E-02
       98  0.9800000000E+05  0.0000000000E+00  0.9897580992E-03
       99  0.9900000000E+05  0.0000000000E+00  0.9158008404E-03
      100  0.1000000000E+06  0.0000000000E+00  0.8473698572E-03
