# Variacao DeslocAndPress no tempo no ponto        5
        0  0.0000000000E+00  0.0000000000E+00  0.0000000000E+00
        1  0.1000000000E+04 -0.1373398446E-01  0.0000000000E+00
        2  0.2000000000E+04 -0.2274020642E-01  0.0000000000E+00
        3  0.3000000000E+04 -0.2878786886E-01  0.0000000000E+00
        4  0.4000000000E+04 -0.3382002115E-01  0.0000000000E+00
        5  0.5000000000E+04 -0.3818184870E-01  0.0000000000E+00
        6  0.6000000000E+04 -0.4208678480E-01  0.0000000000E+00
        7  0.7000000000E+04 -0.4563677592E-01  0.0000000000E+00
        8  0.8000000000E+04 -0.4889247040E-01  0.0000000000E+00
        9  0.9000000000E+04 -0.5189115745E-01  0.0000000000E+00
       10  0.1000000000E+05 -0.5465938924E-01  0.0000000000E+00
       11  0.1100000000E+05 -0.5721777170E-01  0.0000000000E+00
       12  0.1200000000E+05 -0.5958358461E-01  0.0000000000E+00
       13  0.1300000000E+05 -0.6177196154E-01  0.0000000000E+00
       14  0.1400000000E+05 -0.6379651043E-01  0.0000000000E+00
       15  0.1500000000E+05 -0.6566963614E-01  0.0000000000E+00
       16  0.1600000000E+05 -0.6740272987E-01  0.0000000000E+00
       17  0.1700000000E+05 -0.6900629093E-01  0.0000000000E+00
       18  0.1800000000E+05 -0.7049001508E-01  0.0000000000E+00
       19  0.1900000000E+05 -0.7186286467E-01  0.0000000000E+00
       20  0.2000000000E+05 -0.7313312821E-01  0.0000000000E+00
       21  0.2100000000E+05 -0.7430847288E-01  0.0000000000E+00
       22  0.2200000000E+05 -0.7539599210E-01  0.0000000000E+00
       23  0.2300000000E+05 -0.7640224876E-01  0.0000000000E+00
       24  0.2400000000E+05 -0.7733331519E-01  0.0000000000E+00
       25  0.2500000000E+05 -0.7819480988E-01  0.0000000000E+00
       26  0.2600000000E+05 -0.7899193145E-01  0.0000000000E+00
       27  0.2700000000E+05 -0.7972949004E-01  0.0000000000E+00
       28  0.2800000000E+05 -0.8041193636E-01  0.0000000000E+00
       29  0.2900000000E+05 -0.8104338854E-01  0.0000000000E+00
       30  0.3000000000E+05 -0.8162765699E-01  0.0000000000E+00
       31  0.3100000000E+05 -0.8216826741E-01  0.0000000000E+00
       32  0.3200000000E+05 -0.8266848203E-01  0.0000000000E+00
       33  0.3300000000E+05 -0.8313131933E-01  0.0000000000E+00
       34  0.3400000000E+05 -0.8355957225E-01  0.0000000000E+00
       35  0.3500000000E+05 -0.8395582501E-01  0.0000000000E+00
       36  0.3600000000E+05 -0.8432246876E-01  0.0000000000E+00
       37  0.3700000000E+05 -0.8466171594E-01  0.0000000000E+00
       38  0.3800000000E+05 -0.8497561370E-01  0.0000000000E+00
       39  0.3900000000E+05 -0.8526605623E-01  0.0000000000E+00
       40  0.4000000000E+05 -0.8553479614E-01  0.0000000000E+00
       41  0.4100000000E+05 -0.8578345512E-01  0.0000000000E+00
       42  0.4200000000E+05 -0.8601353366E-01  0.0000000000E+00
       43  0.4300000000E+05 -0.8622642014E-01  0.0000000000E+00
       44  0.4400000000E+05 -0.8642339920E-01  0.0000000000E+00
       45  0.4500000000E+05 -0.8660565949E-01  0.0000000000E+00
       46  0.4600000000E+05 -0.8677430081E-01  0.0000000000E+00
       47  0.4700000000E+05 -0.8693034083E-01  0.0000000000E+00
       48  0.4800000000E+05 -0.8707472113E-01  0.0000000000E+00
       49  0.4900000000E+05 -0.8720831297E-01  0.0000000000E+00
       50  0.5000000000E+05 -0.8733192249E-01  0.0000000000E+00
       51  0.5100000000E+05 -0.8744629559E-01  0.0000000000E+00
       52  0.5200000000E+05 -0.8755212243E-01  0.0000000000E+00
       53  0.5300000000E+05 -0.8765004163E-01  0.0000000000E+00
       54  0.5400000000E+05 -0.8774064405E-01  0.0000000000E+00
       55  0.5500000000E+05 -0.8782447642E-01  0.0000000000E+00
       56  0.5600000000E+05 -0.8790204463E-01  0.0000000000E+00
       57  0.5700000000E+05 -0.8797381674E-01  0.0000000000E+00
       58  0.5800000000E+05 -0.8804022585E-01  0.0000000000E+00
       59  0.5900000000E+05 -0.8810167271E-01  0.0000000000E+00
       60  0.6000000000E+05 -0.8815852810E-01  0.0000000000E+00
       61  0.6100000000E+05 -0.8821113511E-01  0.0000000000E+00
       62  0.6200000000E+05 -0.8825981119E-01  0.0000000000E+00
       63  0.6300000000E+05 -0.8830485006E-01  0.0000000000E+00
       64  0.6400000000E+05 -0.8834652352E-01  0.0000000000E+00
       65  0.6500000000E+05 -0.8838508303E-01  0.0000000000E+00
       66  0.6600000000E+05 -0.8842076128E-01  0.0000000000E+00
       67  0.6700000000E+05 -0.8845377355E-01  0.0000000000E+00
       68  0.6800000000E+05 -0.8848431906E-01  0.0000000000E+00
       69  0.6900000000E+05 -0.8851258214E-01  0.0000000000E+00
       70  0.7000000000E+05 -0.8853873332E-01  0.0000000000E+00
       71  0.7100000000E+05 -0.8856293043E-01  0.0000000000E+00
       72  0.7200000000E+05 -0.8858531946E-01  0.0000000000E+00
       73  0.7300000000E+05 -0.8860603552E-01  0.0000000000E+00
       74  0.7400000000E+05 -0.8862520363E-01  0.0000000000E+00
       75  0.7500000000E+05 -0.8864293945E-01  0.0000000000E+00
       76  0.7600000000E+05 -0.8865935000E-01  0.0000000000E+00
       77  0.7700000000E+05 -0.8867453432E-01  0.0000000000E+00
       78  0.7800000000E+05 -0.8868858402E-01  0.0000000000E+00
       79  0.7900000000E+05 -0.8870158390E-01  0.0000000000E+00
       80  0.8000000000E+05 -0.8871361239E-01  0.0000000000E+00
       81  0.8100000000E+05 -0.8872474208E-01  0.0000000000E+00
       82  0.8200000000E+05 -0.8873504013E-01  0.0000000000E+00
       83  0.8300000000E+05 -0.8874456868E-01  0.0000000000E+00
       84  0.8400000000E+05 -0.8875338524E-01  0.0000000000E+00
       85  0.8500000000E+05 -0.8876154300E-01  0.0000000000E+00
       86  0.8600000000E+05 -0.8876909119E-01  0.0000000000E+00
       87  0.8700000000E+05 -0.8877607536E-01  0.0000000000E+00
       88  0.8800000000E+05 -0.8878253766E-01  0.0000000000E+00
       89  0.8900000000E+05 -0.8878851708E-01  0.0000000000E+00
       90  0.9000000000E+05 -0.8879404970E-01  0.0000000000E+00
       91  0.9100000000E+05 -0.8879916891E-01  0.0000000000E+00
       92  0.9200000000E+05 -0.8880390559E-01  0.0000000000E+00
       93  0.9300000000E+05 -0.8880828835E-01  0.0000000000E+00
       94  0.9400000000E+05 -0.8881234361E-01  0.0000000000E+00
       95  0.9500000000E+05 -0.8881609585E-01  0.0000000000E+00
       96  0.9600000000E+05 -0.8881956771E-01  0.0000000000E+00
       97  0.9700000000E+05 -0.8882278015E-01  0.0000000000E+00
       98  0.9800000000E+05 -0.8882575254E-01  0.0000000000E+00
       99  0.9900000000E+05 -0.8882850283E-01  0.0000000000E+00
      100  0.1000000000E+06 -0.8883104762E-01  0.0000000000E+00
