initialpres
 1  0.d0 
 2  1.d-3
 3  1.d-3
 4  0.d0 
 5  0.d0
 6  1.d-3
 7  1.d-3
 8  0.d0 
 9  2.d-3
10  2.d-3
11  2.d-3
12  2.d-3
13  3.d-3
14  3.d-3
15  3.d-3
16  3.d-3
17  4.d-3
18  4.d-3
19  4.d-3
20  4.d-3
21  5.d-3
22  5.d-3
23  5.d-3
24  5.d-3
25  6.d-3
26  6.d-3
27  6.d-3
28  6.d-3
29  7.d-3
30  7.d-3
31  7.d-3
32  7.d-3
33  8.d-3
34  8.d-3
35  8.d-3
36  8.d-3
37  9.d-3
38  9.d-3
39  9.d-3
40  9.d-3
41  1.d-2
42  1.d-2
43  1.d-2
44  1.d-2
end initialpres
initialstress
        1  0.000000E+00  0.000000E+00  0.000000E+00  0.000000E+00  0.000000E+00  0.000000E+00
        2 -9.399261E-04 -9.399261E-04 -1.850000E-03  0.000000E+00  0.000000E+00  0.000000E+00
        3 -9.399261E-04 -9.399261E-04 -1.850000E-03  0.000000E+00  0.000000E+00  0.000000E+00
        4  0.000000E+00  0.000000E+00  0.000000E+00  0.000000E+00  0.000000E+00  0.000000E+00
        5  0.000000E+00  0.000000E+00  0.000000E+00  0.000000E+00  0.000000E+00  0.000000E+00
        6 -9.399261E-04 -9.399261E-04 -1.850000E-03  0.000000E+00  0.000000E+00  0.000000E+00
        7 -9.399261E-04 -9.399261E-04 -1.850000E-03  0.000000E+00  0.000000E+00  0.000000E+00
        8  0.000000E+00  0.000000E+00  0.000000E+00  0.000000E+00  0.000000E+00  0.000000E+00
        9 -1.879852E-03 -1.879852E-03 -3.700000E-03  0.000000E+00  0.000000E+00  0.000000E+00
       10 -1.879852E-03 -1.879852E-03 -3.700000E-03  0.000000E+00  0.000000E+00  0.000000E+00
       11 -1.879852E-03 -1.879852E-03 -3.700000E-03  0.000000E+00  0.000000E+00  0.000000E+00
       12 -1.879852E-03 -1.879852E-03 -3.700000E-03  0.000000E+00  0.000000E+00  0.000000E+00
       13 -2.819778E-03 -2.819778E-03 -5.550000E-03  0.000000E+00  0.000000E+00  0.000000E+00
       14 -2.819778E-03 -2.819778E-03 -5.550000E-03  0.000000E+00  0.000000E+00  0.000000E+00
       15 -2.819778E-03 -2.819778E-03 -5.550000E-03  0.000000E+00  0.000000E+00  0.000000E+00
       16 -2.819778E-03 -2.819778E-03 -5.550000E-03  0.000000E+00  0.000000E+00  0.000000E+00
       17 -3.759704E-03 -3.759704E-03 -7.400000E-03  0.000000E+00  0.000000E+00  0.000000E+00
       18 -3.759704E-03 -3.759704E-03 -7.400000E-03  0.000000E+00  0.000000E+00  0.000000E+00
       19 -3.759704E-03 -3.759704E-03 -7.400000E-03  0.000000E+00  0.000000E+00  0.000000E+00
       20 -3.759704E-03 -3.759704E-03 -7.400000E-03  0.000000E+00  0.000000E+00  0.000000E+00
       21 -4.699631E-03 -4.699631E-03 -9.250000E-03  0.000000E+00  0.000000E+00  0.000000E+00
       22 -4.699631E-03 -4.699631E-03 -9.250000E-03  0.000000E+00  0.000000E+00  0.000000E+00
       23 -4.699631E-03 -4.699631E-03 -9.250000E-03  0.000000E+00  0.000000E+00  0.000000E+00
       24 -4.699631E-03 -4.699631E-03 -9.250000E-03  0.000000E+00  0.000000E+00  0.000000E+00
       25 -5.639557E-03 -5.639557E-03 -1.110000E-02  0.000000E+00  0.000000E+00  0.000000E+00
       26 -5.639557E-03 -5.639557E-03 -1.110000E-02  0.000000E+00  0.000000E+00  0.000000E+00
       27 -5.639557E-03 -5.639557E-03 -1.110000E-02  0.000000E+00  0.000000E+00  0.000000E+00
       28 -5.639557E-03 -5.639557E-03 -1.110000E-02  0.000000E+00  0.000000E+00  0.000000E+00
       29 -6.579483E-03 -6.579483E-03 -1.295000E-02  0.000000E+00  0.000000E+00  0.000000E+00
       30 -6.579483E-03 -6.579483E-03 -1.295000E-02  0.000000E+00  0.000000E+00  0.000000E+00
       31 -6.579483E-03 -6.579483E-03 -1.295000E-02  0.000000E+00  0.000000E+00  0.000000E+00
       32 -6.579483E-03 -6.579483E-03 -1.295000E-02  0.000000E+00  0.000000E+00  0.000000E+00
       33 -7.519409E-03 -7.519409E-03 -1.480000E-02  0.000000E+00  0.000000E+00  0.000000E+00
       34 -7.519409E-03 -7.519409E-03 -1.480000E-02  0.000000E+00  0.000000E+00  0.000000E+00
       35 -7.519409E-03 -7.519409E-03 -1.480000E-02  0.000000E+00  0.000000E+00  0.000000E+00
       36 -7.519409E-03 -7.519409E-03 -1.480000E-02  0.000000E+00  0.000000E+00  0.000000E+00
       37 -8.459335E-03 -8.459335E-03 -1.665000E-02  0.000000E+00  0.000000E+00  0.000000E+00
       38 -8.459335E-03 -8.459335E-03 -1.665000E-02  0.000000E+00  0.000000E+00  0.000000E+00
       39 -8.459335E-03 -8.459335E-03 -1.665000E-02  0.000000E+00  0.000000E+00  0.000000E+00
       40 -8.459335E-03 -8.459335E-03 -1.665000E-02  0.000000E+00  0.000000E+00  0.000000E+00
       41 -9.399261E-03 -9.399261E-03 -1.850000E-02  0.000000E+00  0.000000E+00  0.000000E+00
       42 -9.399261E-03 -9.399261E-03 -1.850000E-02  0.000000E+00  0.000000E+00  0.000000E+00
       43 -9.399261E-03 -9.399261E-03 -1.850000E-02  0.000000E+00  0.000000E+00  0.000000E+00
       44 -9.399261E-03 -9.399261E-03 -1.850000E-02  0.000000E+00  0.000000E+00  0.000000E+00
end initialstress
return