solver  config/solo1.solver
config  config/solo1.config
gravity  config/grav.dat
setprint  config/setprint.dat
conseq  run/matprop.dat
mesh
nnode        60 numel         4 numat  2 maxno 20      ndf  4      dim  3 
fmaterials
 1 run/prop1.dat                                                                   
 2 run/prop1.dat                                                                   
end fmaterials
coordinates
       1    -5.0000000000E-02   -5.0000000000E-02    2.0000000000E-01
       2    -5.0000000000E-02    5.0000000000E-02    2.0000000000E-01
       3     5.0000000000E-02   -5.0000000000E-02    2.0000000000E-01
       4     5.0000000000E-02    5.0000000000E-02    2.0000000000E-01
       5    -5.0000000000E-02   -5.0000000000E-02    5.0000000000E-01
       6    -5.0000000000E-02   -5.0000000000E-02    4.0000000000E-01
       7    -5.0000000000E-02    5.0000000000E-02    4.0000000000E-01
       8    -5.0000000000E-02    5.0000000000E-02    5.0000000000E-01
       9    -5.0000000000E-02   -5.0000000000E-02    1.0000000000E-01
      10    -5.0000000000E-02    5.0000000000E-02    1.0000000000E-01
      11     5.0000000000E-02   -5.0000000000E-02    1.0000000000E-01
      12     5.0000000000E-02    5.0000000000E-02    1.0000000000E-01
      13     0.0000000000E+00   -5.0000000000E-02    2.0000000000E-01
      14     5.0000000000E-02    0.0000000000E+00    2.0000000000E-01
      15     0.0000000000E+00    5.0000000000E-02    2.0000000000E-01
      16    -5.0000000000E-02    0.0000000000E+00    2.0000000000E-01
      17     0.0000000000E+00   -5.0000000000E-02    1.0000000000E-01
      18     5.0000000000E-02    0.0000000000E+00    1.0000000000E-01
      19     0.0000000000E+00    5.0000000000E-02    1.0000000000E-01
      20    -5.0000000000E-02    0.0000000000E+00    1.0000000000E-01
      21    -5.0000000000E-02   -5.0000000000E-02    1.5000000000E-01
      22     5.0000000000E-02   -5.0000000000E-02    1.5000000000E-01
      23     5.0000000000E-02    5.0000000000E-02    1.5000000000E-01
      24    -5.0000000000E-02    5.0000000000E-02    1.5000000000E-01
      25     0.0000000000E+00    0.0000000000E+00    0.0000000000E+00
      26     0.0000000000E+00    0.0000000000E+00    0.0000000000E+00
      27     0.0000000000E+00    0.0000000000E+00    0.0000000000E+00
      28     0.0000000000E+00    0.0000000000E+00    0.0000000000E+00
      29     5.0000000000E-02   -5.0000000000E-02    5.0000000000E-01
      30     5.0000000000E-02   -5.0000000000E-02    4.0000000000E-01
      31     5.0000000000E-02    5.0000000000E-02    4.0000000000E-01
      32     5.0000000000E-02    5.0000000000E-02    5.0000000000E-01
      33    -5.0000000000E-02   -5.0000000000E-02    3.0000000000E-01
      34    -5.0000000000E-02    5.0000000000E-02    3.0000000000E-01
      35     5.0000000000E-02   -5.0000000000E-02    3.0000000000E-01
      36     5.0000000000E-02    5.0000000000E-02    3.0000000000E-01
      37     0.0000000000E+00   -5.0000000000E-02    5.0000000000E-01
      38     5.0000000000E-02    0.0000000000E+00    5.0000000000E-01
      39     0.0000000000E+00    5.0000000000E-02    5.0000000000E-01
      40    -5.0000000000E-02    0.0000000000E+00    5.0000000000E-01
      41     0.0000000000E+00   -5.0000000000E-02    4.0000000000E-01
      42     5.0000000000E-02    0.0000000000E+00    4.0000000000E-01
      43     0.0000000000E+00    5.0000000000E-02    4.0000000000E-01
      44    -5.0000000000E-02    0.0000000000E+00    4.0000000000E-01
      45    -5.0000000000E-02   -5.0000000000E-02    4.5000000000E-01
      46     5.0000000000E-02   -5.0000000000E-02    4.5000000000E-01
      47     5.0000000000E-02    5.0000000000E-02    4.5000000000E-01
      48    -5.0000000000E-02    5.0000000000E-02    4.5000000000E-01
      49     0.0000000000E+00   -5.0000000000E-02    3.0000000000E-01
      50     5.0000000000E-02    0.0000000000E+00    3.0000000000E-01
      51     0.0000000000E+00    5.0000000000E-02    3.0000000000E-01
      52    -5.0000000000E-02    0.0000000000E+00    3.0000000000E-01
      53    -5.0000000000E-02   -5.0000000000E-02    3.5000000000E-01
      54     5.0000000000E-02   -5.0000000000E-02    3.5000000000E-01
      55     5.0000000000E-02    5.0000000000E-02    3.5000000000E-01
      56    -5.0000000000E-02    5.0000000000E-02    3.5000000000E-01
      57    -5.0000000000E-02   -5.0000000000E-02    2.5000000000E-01
      58     5.0000000000E-02   -5.0000000000E-02    2.5000000000E-01
      59     5.0000000000E-02    5.0000000000E-02    2.5000000000E-01
      60    -5.0000000000E-02    5.0000000000E-02    2.5000000000E-01
end coordinates
hexa20
         1         1         3         4         2         9        11        12        10        13        14        15        16        17        18        19        20        21        22        23        24         1
end hexa20
hexa20ov
         2         5        29        32         8         6        30        31         7        37        38        39        40        41        42        43        44        45        46        47        48         2
         3         6        30        31         7        33        35        36        34        41        42        43        44        49        50        51        52        53        54        55        56         1
         4        33        35        36        34         1         3         4         2        49        50        51        52        13        14        15        16        57        58        59        60         1
end hexa20ov
initialpres
       1     3.0000000000E-03 
       2     3.0000000000E-03 
       3     3.0000000000E-03 
       4     3.0000000000E-03 
       6     1.0000000000E-03 
       7     1.0000000000E-03 
       9     4.0000000000E-03 
      10     4.0000000000E-03 
      11     4.0000000000E-03 
      12     4.0000000000E-03 
      30     1.0000000000E-03 
      31     1.0000000000E-03 
      33     2.0000000000E-03 
      34     2.0000000000E-03 
      35     2.0000000000E-03 
      36     2.0000000000E-03 
end initialpres
initialstress
       1    -2.8197780000E-03    -2.8197780000E-03    -5.5500000000E-03     0.0000000000E+00     0.0000000000E+00     0.0000000000E+00 
       2    -2.8197780000E-03    -2.8197780000E-03    -5.5500000000E-03     0.0000000000E+00     0.0000000000E+00     0.0000000000E+00 
       3    -2.8197780000E-03    -2.8197780000E-03    -5.5500000000E-03     0.0000000000E+00     0.0000000000E+00     0.0000000000E+00 
       4    -2.8197780000E-03    -2.8197780000E-03    -5.5500000000E-03     0.0000000000E+00     0.0000000000E+00     0.0000000000E+00 
       6    -9.3992610000E-04    -9.3992610000E-04    -1.8500000000E-03     0.0000000000E+00     0.0000000000E+00     0.0000000000E+00 
       7    -9.3992610000E-04    -9.3992610000E-04    -1.8500000000E-03     0.0000000000E+00     0.0000000000E+00     0.0000000000E+00 
       9    -3.7597040000E-03    -3.7597040000E-03    -7.4000000000E-03     0.0000000000E+00     0.0000000000E+00     0.0000000000E+00 
      10    -3.7597040000E-03    -3.7597040000E-03    -7.4000000000E-03     0.0000000000E+00     0.0000000000E+00     0.0000000000E+00 
      11    -3.7597040000E-03    -3.7597040000E-03    -7.4000000000E-03     0.0000000000E+00     0.0000000000E+00     0.0000000000E+00 
      12    -3.7597040000E-03    -3.7597040000E-03    -7.4000000000E-03     0.0000000000E+00     0.0000000000E+00     0.0000000000E+00 
      13    -2.8197780000E-03    -2.8197780000E-03    -5.5500000000E-03     0.0000000000E+00     0.0000000000E+00     0.0000000000E+00 
      14    -2.8197780000E-03    -2.8197780000E-03    -5.5500000000E-03     0.0000000000E+00     0.0000000000E+00     0.0000000000E+00 
      15    -2.8197780000E-03    -2.8197780000E-03    -5.5500000000E-03     0.0000000000E+00     0.0000000000E+00     0.0000000000E+00 
      16    -2.8197780000E-03    -2.8197780000E-03    -5.5500000000E-03     0.0000000000E+00     0.0000000000E+00     0.0000000000E+00 
      17    -3.7597040000E-03    -3.7597040000E-03    -7.4000000000E-03     0.0000000000E+00     0.0000000000E+00     0.0000000000E+00 
      18    -3.7597040000E-03    -3.7597040000E-03    -7.4000000000E-03     0.0000000000E+00     0.0000000000E+00     0.0000000000E+00 
      19    -3.7597040000E-03    -3.7597040000E-03    -7.4000000000E-03     0.0000000000E+00     0.0000000000E+00     0.0000000000E+00 
      20    -3.7597040000E-03    -3.7597040000E-03    -7.4000000000E-03     0.0000000000E+00     0.0000000000E+00     0.0000000000E+00 
      21    -3.2897410000E-03    -3.2897410000E-03    -6.4750000000E-03     0.0000000000E+00     0.0000000000E+00     0.0000000000E+00 
      22    -3.2897410000E-03    -3.2897410000E-03    -6.4750000000E-03     0.0000000000E+00     0.0000000000E+00     0.0000000000E+00 
      23    -3.2897410000E-03    -3.2897410000E-03    -6.4750000000E-03     0.0000000000E+00     0.0000000000E+00     0.0000000000E+00 
      24    -3.2897410000E-03    -3.2897410000E-03    -6.4750000000E-03     0.0000000000E+00     0.0000000000E+00     0.0000000000E+00 
      30    -9.3992610000E-04    -9.3992610000E-04    -1.8500000000E-03     0.0000000000E+00     0.0000000000E+00     0.0000000000E+00 
      31    -9.3992610000E-04    -9.3992610000E-04    -1.8500000000E-03     0.0000000000E+00     0.0000000000E+00     0.0000000000E+00 
      33    -1.8798520000E-03    -1.8798520000E-03    -3.7000000000E-03     0.0000000000E+00     0.0000000000E+00     0.0000000000E+00 
      34    -1.8798520000E-03    -1.8798520000E-03    -3.7000000000E-03     0.0000000000E+00     0.0000000000E+00     0.0000000000E+00 
      35    -1.8798520000E-03    -1.8798520000E-03    -3.7000000000E-03     0.0000000000E+00     0.0000000000E+00     0.0000000000E+00 
      36    -1.8798520000E-03    -1.8798520000E-03    -3.7000000000E-03     0.0000000000E+00     0.0000000000E+00     0.0000000000E+00 
      41    -9.3992610000E-04    -9.3992610000E-04    -1.8500000000E-03     0.0000000000E+00     0.0000000000E+00     0.0000000000E+00 
      42    -9.3992610000E-04    -9.3992610000E-04    -1.8500000000E-03     0.0000000000E+00     0.0000000000E+00     0.0000000000E+00 
      43    -9.3992610000E-04    -9.3992610000E-04    -1.8500000000E-03     0.0000000000E+00     0.0000000000E+00     0.0000000000E+00 
      44    -9.3992610000E-04    -9.3992610000E-04    -1.8500000000E-03     0.0000000000E+00     0.0000000000E+00     0.0000000000E+00 
      45    -4.6996305000E-04    -4.6996305000E-04    -9.2500000000E-04     0.0000000000E+00     0.0000000000E+00     0.0000000000E+00 
      46    -4.6996305000E-04    -4.6996305000E-04    -9.2500000000E-04     0.0000000000E+00     0.0000000000E+00     0.0000000000E+00 
      47    -4.6996305000E-04    -4.6996305000E-04    -9.2500000000E-04     0.0000000000E+00     0.0000000000E+00     0.0000000000E+00 
      48    -4.6996305000E-04    -4.6996305000E-04    -9.2500000000E-04     0.0000000000E+00     0.0000000000E+00     0.0000000000E+00 
      49    -1.8798520000E-03    -1.8798520000E-03    -3.7000000000E-03     0.0000000000E+00     0.0000000000E+00     0.0000000000E+00 
      50    -1.8798520000E-03    -1.8798520000E-03    -3.7000000000E-03     0.0000000000E+00     0.0000000000E+00     0.0000000000E+00 
      51    -1.8798520000E-03    -1.8798520000E-03    -3.7000000000E-03     0.0000000000E+00     0.0000000000E+00     0.0000000000E+00 
      52    -1.8798520000E-03    -1.8798520000E-03    -3.7000000000E-03     0.0000000000E+00     0.0000000000E+00     0.0000000000E+00 
      53    -1.4098890500E-03    -1.4098890500E-03    -2.7750000000E-03     0.0000000000E+00     0.0000000000E+00     0.0000000000E+00 
      54    -1.4098890500E-03    -1.4098890500E-03    -2.7750000000E-03     0.0000000000E+00     0.0000000000E+00     0.0000000000E+00 
      55    -1.4098890500E-03    -1.4098890500E-03    -2.7750000000E-03     0.0000000000E+00     0.0000000000E+00     0.0000000000E+00 
      56    -1.4098890500E-03    -1.4098890500E-03    -2.7750000000E-03     0.0000000000E+00     0.0000000000E+00     0.0000000000E+00 
      57    -2.3498150000E-03    -2.3498150000E-03    -4.6250000000E-03     0.0000000000E+00     0.0000000000E+00     0.0000000000E+00 
      58    -2.3498150000E-03    -2.3498150000E-03    -4.6250000000E-03     0.0000000000E+00     0.0000000000E+00     0.0000000000E+00 
      59    -2.3498150000E-03    -2.3498150000E-03    -4.6250000000E-03     0.0000000000E+00     0.0000000000E+00     0.0000000000E+00 
      60    -2.3498150000E-03    -2.3498150000E-03    -4.6250000000E-03     0.0000000000E+00     0.0000000000E+00     0.0000000000E+00 
end initialstress
constrainpmec
       1  1 1 0 0
       2  1 1 0 0
       3  1 1 0 0
       4  1 1 0 0
       5  1 1 0 1
       6  1 1 0 0
       7  1 1 0 0
       8  1 1 0 1
       9  1 1 0 0
      10  1 1 0 0
      11  1 1 0 0
      12  1 1 0 0
      13  1 1 0 0
      14  1 1 0 0
      15  1 1 0 0
      16  1 1 0 0
      17  1 1 0 0
      18  1 1 0 0
      19  1 1 0 0
      20  1 1 0 0
      21  1 1 0 0
      22  1 1 0 0
      23  1 1 0 0
      24  1 1 0 0
      29  1 1 0 1
      30  1 1 0 0
      31  1 1 0 0
      32  1 1 0 1
      33  1 1 0 0
      34  1 1 0 0
      35  1 1 0 0
      36  1 1 0 0
      37  1 1 0 0
      38  1 1 0 0
      39  1 1 0 0
      40  1 1 0 0
      41  1 1 0 0
      42  1 1 0 0
      43  1 1 0 0
      44  1 1 0 0
      45  1 1 0 0
      46  1 1 0 0
      47  1 1 0 0
      48  1 1 0 0
      49  1 1 0 0
      50  1 1 0 0
      51  1 1 0 0
      52  1 1 0 0
      53  1 1 0 0
      54  1 1 0 0
      55  1 1 0 0
      56  1 1 0 0
      57  1 1 0 0
      58  1 1 0 0
      59  1 1 0 0
      60  1 1 0 0
end constrainpmec
elmtloads
       2         1        0        0        0        0        0        0
end elmtloads
loads
   1   41 run/normal_load.dat                                                             
end loads
parallel
novG        44
 noG       128
nelG        10
overlapping
nno1         4 nno2         0 nno3        20 nno4        36 no1a         0
numel_ov         3
noLG
       13
       14
       15
       16
        1
        2
        3
        4
       17
       18
       19
       20
       65
       66
       67
       68
       73
       74
       75
       76
       77
       78
       79
       80
        0
        0
        0
        0
        5
        6
        7
        8
        9
       10
       11
       12
       45
       46
       47
       48
       49
       50
       51
       52
       53
       54
       55
       56
       57
       58
       59
       60
       61
       62
       63
       64
       69
       70
       71
       72
 nbar2           0         0   ntria3          0         0   nquad4          0         0   ntetra4         0         0   nhexa8          0         0   nprism6         0         0  ntetra10         0         0   nhexa20        10         1
elLG
        4
        1
        2
        3
fmap         9        0
        1
        2
        4
        3
        5
        7
        8
        6
        9
nviz
        4
        0
ranks
        0         1         2         3

rcvs
        3         1         3         2

dspl
        0         3         4         7

end parallel
end mesh
run run/run.dat
stop
