solver  config/solo1.solver
config  config/solo1.config
gravity  config/grav.dat
setprint  config/setprint.dat
conseq  run/matprop.dat
mesh
nnode        42 numel         2 numat  2 maxno 20      ndf  4      dim  3 
fmaterials
 1 run/prop1.dat                                                                   
 2 run/prop1.dat                                                                   
end fmaterials
coordinates
       1    -5.0000000000E-02   -5.0000000000E-02    4.0000000000E-01
       2    -5.0000000000E-02    5.0000000000E-02    4.0000000000E-01
       3     5.0000000000E-02   -5.0000000000E-02    5.0000000000E-01
       4     5.0000000000E-02   -5.0000000000E-02    4.0000000000E-01
       5     5.0000000000E-02    5.0000000000E-02    4.0000000000E-01
       6     5.0000000000E-02    5.0000000000E-02    5.0000000000E-01
       7     0.0000000000E+00   -5.0000000000E-02    5.0000000000E-01
       8     5.0000000000E-02    0.0000000000E+00    5.0000000000E-01
       9     0.0000000000E+00    5.0000000000E-02    5.0000000000E-01
      10    -5.0000000000E-02    0.0000000000E+00    5.0000000000E-01
      11    -5.0000000000E-02   -5.0000000000E-02    5.0000000000E-01
      12    -5.0000000000E-02    5.0000000000E-02    5.0000000000E-01
      13     0.0000000000E+00   -5.0000000000E-02    4.0000000000E-01
      14    -5.0000000000E-02   -5.0000000000E-02    3.0000000000E-01
      15    -5.0000000000E-02    5.0000000000E-02    3.0000000000E-01
      16     5.0000000000E-02   -5.0000000000E-02    3.0000000000E-01
      17     5.0000000000E-02    5.0000000000E-02    3.0000000000E-01
      18     5.0000000000E-02    0.0000000000E+00    4.0000000000E-01
      19     0.0000000000E+00    5.0000000000E-02    4.0000000000E-01
      20    -5.0000000000E-02    0.0000000000E+00    4.0000000000E-01
      21    -5.0000000000E-02   -5.0000000000E-02    4.5000000000E-01
      22     5.0000000000E-02   -5.0000000000E-02    4.5000000000E-01
      23     5.0000000000E-02    5.0000000000E-02    4.5000000000E-01
      24    -5.0000000000E-02    5.0000000000E-02    4.5000000000E-01
      25     0.0000000000E+00   -5.0000000000E-02    3.0000000000E-01
      26     5.0000000000E-02    0.0000000000E+00    3.0000000000E-01
      27     0.0000000000E+00    5.0000000000E-02    3.0000000000E-01
      28    -5.0000000000E-02    0.0000000000E+00    3.0000000000E-01
      29    -5.0000000000E-02   -5.0000000000E-02    3.5000000000E-01
      30     5.0000000000E-02   -5.0000000000E-02    3.5000000000E-01
      31     0.0000000000E+00    0.0000000000E+00    0.0000000000E+00
      32     0.0000000000E+00    0.0000000000E+00    0.0000000000E+00
      33     0.0000000000E+00    0.0000000000E+00    0.0000000000E+00
      34     0.0000000000E+00    0.0000000000E+00    0.0000000000E+00
      35     0.0000000000E+00    0.0000000000E+00    0.0000000000E+00
      36     0.0000000000E+00    0.0000000000E+00    0.0000000000E+00
      37     0.0000000000E+00    0.0000000000E+00    0.0000000000E+00
      38     0.0000000000E+00    0.0000000000E+00    0.0000000000E+00
      39     0.0000000000E+00    0.0000000000E+00    0.0000000000E+00
      40     0.0000000000E+00    0.0000000000E+00    0.0000000000E+00
      41     5.0000000000E-02    5.0000000000E-02    3.5000000000E-01
      42    -5.0000000000E-02    5.0000000000E-02    3.5000000000E-01
end coordinates
hexa20
         1        11         3         6        12         1         4         5         2         7         8         9        10        13        18        19        20        21        22        23        24         2
end hexa20
hexa20ov
         2         1         4         5         2        14        16        17        15        13        18        19        20        25        26        27        28        29        30        41        42         1
end hexa20ov
initialpres
       1     1.0000000000E-03 
       2     1.0000000000E-03 
       4     1.0000000000E-03 
       5     1.0000000000E-03 
      14     2.0000000000E-03 
      15     2.0000000000E-03 
      16     2.0000000000E-03 
      17     2.0000000000E-03 
end initialpres
initialstress
       1    -9.3992610000E-04    -9.3992610000E-04    -1.8500000000E-03     0.0000000000E+00     0.0000000000E+00     0.0000000000E+00 
       2    -9.3992610000E-04    -9.3992610000E-04    -1.8500000000E-03     0.0000000000E+00     0.0000000000E+00     0.0000000000E+00 
       4    -9.3992610000E-04    -9.3992610000E-04    -1.8500000000E-03     0.0000000000E+00     0.0000000000E+00     0.0000000000E+00 
       5    -9.3992610000E-04    -9.3992610000E-04    -1.8500000000E-03     0.0000000000E+00     0.0000000000E+00     0.0000000000E+00 
      13    -9.3992610000E-04    -9.3992610000E-04    -1.8500000000E-03     0.0000000000E+00     0.0000000000E+00     0.0000000000E+00 
      14    -1.8798520000E-03    -1.8798520000E-03    -3.7000000000E-03     0.0000000000E+00     0.0000000000E+00     0.0000000000E+00 
      15    -1.8798520000E-03    -1.8798520000E-03    -3.7000000000E-03     0.0000000000E+00     0.0000000000E+00     0.0000000000E+00 
      16    -1.8798520000E-03    -1.8798520000E-03    -3.7000000000E-03     0.0000000000E+00     0.0000000000E+00     0.0000000000E+00 
      17    -1.8798520000E-03    -1.8798520000E-03    -3.7000000000E-03     0.0000000000E+00     0.0000000000E+00     0.0000000000E+00 
      18    -9.3992610000E-04    -9.3992610000E-04    -1.8500000000E-03     0.0000000000E+00     0.0000000000E+00     0.0000000000E+00 
      19    -9.3992610000E-04    -9.3992610000E-04    -1.8500000000E-03     0.0000000000E+00     0.0000000000E+00     0.0000000000E+00 
      20    -9.3992610000E-04    -9.3992610000E-04    -1.8500000000E-03     0.0000000000E+00     0.0000000000E+00     0.0000000000E+00 
      21    -4.6996305000E-04    -4.6996305000E-04    -9.2500000000E-04     0.0000000000E+00     0.0000000000E+00     0.0000000000E+00 
      22    -4.6996305000E-04    -4.6996305000E-04    -9.2500000000E-04     0.0000000000E+00     0.0000000000E+00     0.0000000000E+00 
      23    -4.6996305000E-04    -4.6996305000E-04    -9.2500000000E-04     0.0000000000E+00     0.0000000000E+00     0.0000000000E+00 
      24    -4.6996305000E-04    -4.6996305000E-04    -9.2500000000E-04     0.0000000000E+00     0.0000000000E+00     0.0000000000E+00 
      25    -1.8798520000E-03    -1.8798520000E-03    -3.7000000000E-03     0.0000000000E+00     0.0000000000E+00     0.0000000000E+00 
      26    -1.8798520000E-03    -1.8798520000E-03    -3.7000000000E-03     0.0000000000E+00     0.0000000000E+00     0.0000000000E+00 
      27    -1.8798520000E-03    -1.8798520000E-03    -3.7000000000E-03     0.0000000000E+00     0.0000000000E+00     0.0000000000E+00 
      28    -1.8798520000E-03    -1.8798520000E-03    -3.7000000000E-03     0.0000000000E+00     0.0000000000E+00     0.0000000000E+00 
      29    -1.4098890500E-03    -1.4098890500E-03    -2.7750000000E-03     0.0000000000E+00     0.0000000000E+00     0.0000000000E+00 
      30    -1.4098890500E-03    -1.4098890500E-03    -2.7750000000E-03     0.0000000000E+00     0.0000000000E+00     0.0000000000E+00 
      41    -1.4098890500E-03    -1.4098890500E-03    -2.7750000000E-03     0.0000000000E+00     0.0000000000E+00     0.0000000000E+00 
      42    -1.4098890500E-03    -1.4098890500E-03    -2.7750000000E-03     0.0000000000E+00     0.0000000000E+00     0.0000000000E+00 
end initialstress
constrainpmec
       1  1 1 0 0
       2  1 1 0 0
       3  1 1 0 1
       4  1 1 0 0
       5  1 1 0 0
       6  1 1 0 1
       7  1 1 0 0
       8  1 1 0 0
       9  1 1 0 0
      10  1 1 0 0
      11  1 1 0 1
      12  1 1 0 1
      13  1 1 0 0
      14  1 1 0 0
      15  1 1 0 0
      16  1 1 0 0
      17  1 1 0 0
      18  1 1 0 0
      19  1 1 0 0
      20  1 1 0 0
      21  1 1 0 0
      22  1 1 0 0
      23  1 1 0 0
      24  1 1 0 0
      25  1 1 0 0
      26  1 1 0 0
      27  1 1 0 0
      28  1 1 0 0
      29  1 1 0 0
      30  1 1 0 0
      41  1 1 0 0
      42  1 1 0 0
end constrainpmec
elmtloads
       1         1        0        0        0        0        0        0
end elmtloads
loads
   1   41 run/normal_load.dat                                                             
end loads
parallel
novG        44
 noG       128
nelG        10
overlapping
nno1        12 nno2         1 nno3        17 nno4        12 no1a         2
numel_ov         1
noLG
        2
        3
        5
        6
        7
        8
       45
       46
       47
       48
        1
        4
       49
        9
       10
       11
       12
       50
       51
       52
       53
       54
       55
       56
       57
       58
       59
       60
       61
       62
        0
        0
        0
        0
        0
        0
        0
        0
        0
        0
       63
       64
 nbar2           0         0   ntria3          0         0   nquad4          0         0   ntetra4         0         0   nhexa8          0         0   nprism6         0         0  ntetra10         0         0   nhexa20        10         1
elLG
        1
        2
fmap         1       39
        9
        1
        2
        3
        4
        5
        6
        7
        8
       45
       46
       47
       48
       49
        1
        2
        3
        4
        5
        6
        7
        8
       45
       46
       47
       48
       49
        1
        2
        3
        4
        5
        6
        7
        8
       45
       46
       47
       48
       49
nviz
        1
        3
ranks
        3
        1         2         3
rcvs
        1
       13        13        13
dspl
        0
        0        13        26
end parallel
end mesh
run run/run.dat
stop
